01812212130009                                           0000000
0200002167482212122211300000001949300000000194930022121200000001
0200002167482212122211300000001902000000000190200022121300000001
0200002167502212122211300000001902100000000190210022121200000001
0200002167512212122211300000001854900000000185490022121300000001
0200002167542212122211300000001854600000000185460022121300000001
0200002167552212122211300000001854900000000185490022121200000001
0200002167572212122211300000003988500000000398850022121300000001
0200002167582212122211300000001902100000000190210022121300000001
0200002167602212122211300000001949200000000194920022121300000001
0200002167602212122211300000001854900000000185490022121300000001
0200002167612212122211300000002098700000000209870022121400000001
0200002167622212122211300000001902100000000190210022121300000001
0200002167632212122211300000002611300000000261130022121300000001
0200002167642212122211300000002611300000000261130022121400000001
0200002167652212122211300000002611300000000261130022121300000001
0200002167662212122211300000002611300000000261130022121300000001
0200002167672212122211300000002717100000000271710022121400000001
0200002167682212122211300000003061800000000306180022121300000001
0200002167692212122211300000002611300000000261130022121300000001
0200002167702212122211300000002611300000000261130022121300000001
0200002167712212122211300000002835100000000283510022121400000001
0200002167722212122211300000003044900000000304490022121300000001
0200002167732212122211300000002611300000000261130022121300000001
0200002167742212122211300000027749500000002774950022121300000001
0200002167752212122211300000014775300000001477530022121300000001
0200002167762212122211300000006325800000000632580022121400000001
0200002167782212122211300000003061700000000306170022121300000001
0200002167792212122211300000002939200000000293920022121300000001
0200002167802212122211300000002611300000000261130022121300000001
0200002167812212122211300000004475300000000447530022121300000001
0200002167822212122211300000002611300000000261130022121400000001
0200002167832212122211300000002822800000000282280022121300000001
0200002167842212122211300000005209600000000520960022121300000001
0200002167852212122211300000002611300000000261130022121300000001
0200002167862212122211300000003542100000000354210022121300000001
0200002167872212122211300000069951700000006995170022121300000001
0200002167882212122211300000002928900000000292890022121300000001
0200002167892212122211300000002611300000000261130022121300000001
0200002167902212122211300000002599200000000259920022121300000001
0200002167912212122211300000002611300000000261130022121300000001
0200002167922212122211300000002611300000000261130022121300000001
0200002167932212122211300000002611300000000261130022121300000001
0200002167942212122211300000002611300000000261130022121300000001
0200002167952212122211300000002611300000000261130022121300000001
0200002167962212122211300000002611300000000261130022121300000001
0200002167972212122211300000002611300000000261130022121300000001
0200002167982212122211300000002611300000000261130022121300000001
0200002167992212122211300000002611300000000261130022121300000001
0200002168002212122211300000002611300000000261130022121300000001
0200002168012212122211300000002705000000000270500022121300000001
0200002168022212122211300000003061800000000306180022121300000001
0200002168032212122211300000002611300000000261130022121300000001
0200002168042212122211300000002611300000000261130022121300000001
0200002168052212122211300000002611300000000261130022121300000001
0200002168062212122211300000001846300000000184630022121300000001
0200002168072212122211300000002611300000000261130022121300000001
0200002168082212122211300000002716600000000271660022121300000001
0200002168092212122211300000002611300000000261130022121100000001
0200002168102212122211300000002704900000000270490022121200000001
0200002168102212122211300000003700500000000370050022121200000001
0200002168122212122211300000003700400000000370040022121300000001
0900000015000005484496000000000000000                    0000002