01812212130009                                           0000000
0200002625812212122211300000002672700000000267270022120400000001
0200002625822212122211300000002672700000000267270022120400000001
0200002625842212122211300000002907400000000290740022120400000001
0200002625852212122211300000002782200000000278220022120400000001
0200002625862212122211300000002782300000000278230022120400000001
0200002625872212122211300000002782300000000278230022120400000001
0200002625882212122211300000003016300000000301630022120400000001
0200002625892212122211300000001645000000000164500022120400000001
0200002625902212122211300000002672700000000267270022120400000001
0200002625912212122211300000002672700000000267270022120400000001
0200002625922212122211300000002662100000000266210022120400000001
0200002625942212122211300000002672700000000267270022120400000001
0200002625952212122211300000002672700000000267270022120400000001
0200002625972212122211300000002782300000000278230022120400000001
0200002625982212122211300000002672700000000267270022120400000001
0200002625992212122211300000002782100000000278210022120400000001
0200002626002212122211300000002672700000000267270022120400000001
0200002626012212122211300000002672700000000267270022120400000001
0200002626042212122211300000002672700000000267270022120400000001
0200002626052212122211300000003231100000000323110022120400000001
0200002626072212122211300000002672700000000267270022120400000001
0200002626092212122211300000002672700000000267270022120400000001
0200002626102212122211300000002672700000000267270022120400000001
0200002626112212122211300000002672700000000267270022120400000001
0200002626122212122211300000003231000000000323100022120400000001
0200002626132212122211300000002672700000000267270022120400000001
0200002626142212122211300000002672700000000267270022120400000001
0200002626152212122211300000002672700000000267270022120400000001
0200002626162212122211300000002672700000000267270022120400000001
0200002626182212122211300000002672700000000267270022120400000001
0200002626192212122211300000002672700000000267270022120400000001
0200002626202212122211300000002672700000000267270022120400000001
0200002626212212122211300000002902400000000290240022120400000001
0200002626232212122211300000002672700000000267270022120400000001
0200002626252212122211300000002672700000000267270022120400000001
0200002626282212122211300000002672700000000267270022120400000001
0200002626292212122211300000013214400000001321440022120400000001
0200002626302212122211300000002672700000000267270022120400000001
0200002626312212122211300000003254800000000325480022120400000001
0200002626322212122211300000002672700000000267270022120400000001
0200002626342212122211300000003011300000000301130022120400000001
0200002626352212122211300000002672700000000267270022120400000001
0200002626362212122211300000002672700000000267270022120400000001
0200002626372212122211300000002672700000000267270022120400000001
0200002626382212122211300000002672700000000267270022120400000001
0200002626402212122211300000002788300000000278830022120400000001
0200002626412212122211300000002672700000000267270022120400000001
0200002626432212122211300000002735500000000273550022120400000001
0200002626442212122211300000002672700000000267270022120400000001
0200002626452212122211300000002672700000000267270022120400000001
0200002626482212122211300000002782300000000278230022120400000001
0200002626502212122211300000002685800000000268580022120400000001
0200002626512212122211300000002672700000000267270022120400000001
0200002626532212122211300000002672700000000267270022120400000001
0200002626552212122211300000002672700000000267270022120400000001
0200002626582212122211300000002672700000000267270022120400000001
0200002626592212122211300000002672700000000267270022120400000001
0200002626602212122211300000002672700000000267270022120400000001
0200002626612212122211300000002672700000000267270022120400000001
0200002626622212122211300000002672700000000267270022120400000001
0200002626632212122211300000002672700000000267270022120400000001
0200002626652212122211300000003231000000000323100022120400000001
0200002626662212122211300000002672700000000267270022120400000001
0200002626672212122211300000002672700000000267270022120400000001
0200002626682212122211300000002782300000000278230022120400000001
0200002626692212122211300000002672700000000267270022120400000001
0200002626702212122211300000009076600000000907660022120400000001
0200002626712212122211300000002672700000000267270022120400000001
0200002626722212122211300000002672700000000267270022120400000001
0200002626732212122211300000002782300000000278230022120400000001
0200002626742212122211300000002672700000000267270022120400000001
0200002626752212122211300000002672700000000267270022120400000001
0200002626762212122211300000002672700000000267270022120400000001
0200002626772212122211300000002672700000000267270022120400000001
0200002626782212122211300000002672700000000267270022120400000001
0200002626792212122211300000002782700000000278270022120400000001
0200002626802212122211300000002672700000000267270022120400000001
0200002626812212122211300000002672700000000267270022120400000001
0200002626822212122211300000002672700000000267270022120400000001
0200002626842212122211300000002672700000000267270022120400000001
0200002626852212122211300000002585600000000258560022120400000001
0200002626862212122211300000002685600000000268560022120400000001
0200002626872212122211300000005752700000000575270022120400000001
0200002626882212122211300000002585600000000258560022120400000001
0200002626892212122211300000002585600000000258560022120400000001
0200002626902212122211300000002585600000000258560022120400000001
0200002626922212122211300000002585600000000258560022120400000001
0200002626942212122211300000002585600000000258560022120400000001
0200002626952212122211300000002585600000000258560022120400000001
0200002626962212122211300000002585600000000258560022120400000001
0200002626972212122211300000002585600000000258560022120400000001
0200002626982212122211300000008403100000000840310022120400000001
0200002626992212122211300000002585600000000258560022120400000001
0200002627002212122211300000002585600000000258560022120400000001
0200002627012212122211300000003114400000000311440022120400000001
0200002627022212122211300000002585600000000258560022120400000001
0200002627032212122211300000002585600000000258560022120400000001
0200002627052212122211300000002691300000000269130022120400000001
0200002627062212122211300000002797100000000279710022120400000001
0200002627092212122211300000002585600000000258560022120400000001
0200002627122212122211300000002585600000000258560022120400000001
0200002627142212122211300000002585600000000258560022120400000001
0200002627162212122211300000002585600000000258560022120400000001
0200002627172212122211300000002697400000000269740022120400000001
0200002627182212122211300000002585600000000258560022120400000001
0200002627192212122211300000002585600000000258560022120400000001
0900000015000005484496000000000000000                    0000002