01742212050009                                           0000000
0200019595000000000000000000001618400000000016184002212050000002
0200019682800000000000000000002656800000000026568002212050000003
0200019731900000000000000000027659100000000276591002212050000004
0200020645300000000000000000005279500000000052795002212050000005
0200020827400000000000000000003741600000000037416002212050000006
0200020842600000000000000000002656600000000026566002212050000007
0200020928000000000000000000003552700000000035527002212050000008
0200023537900000000000000000006488400000000064884002212050000009
0200025413300000000000000000001662000000000016620002212050000010
0200026022100000000000000000002647200000000026472002212050000011
0200026596000000000000000000002747600000000027476002212050000012
0200029024800000000000000000002747600000000027476002212050000013
0200030217700000000000000000002843100000000028431002212050000014
0200035152000000000000000000001662000000000016620002212050000015
0200042953900000000000000000002656800000000026568002212050000016
0200042984400000000000000000009933700000000099337002212050000017
0200043105800000000000000000001624300000000016243002212050000018
0200043106900000000000000000001624300000000016243002212050000019
0200043108300000000000000000001662000000000016620002212050000020
0200043108400000000000000000002656800000000026568002212050000021
0200043108500000000000000000001662000000000016620002212050000022
0200043108800000000000000000001662000000000016620002212050000023
0200043109200000000000000000001662000000000016620002212050000024
0200043109300000000000000000001662000000000016620002212050000025
0200043109500000000000000000001662000000000016620002212050000026
0200043109600000000000000000002656800000000026568002212050000027
0200043109700000000000000000001886700000000018867002212050000028
0200043110000000000000000000002656800000000026568002212050000029
0200043110100000000000000000001662000000000016620002212050000030
0200043110200000000000000000001662000000000016620002212050000031
0200043110300000000000000000001624300000000016243002212050000032
0200043111400000000000000000001662000000000016620002212050000033
0200043112500000000000000000002656800000000026568002212050000034
0200043113500000000000000000001624300000000016243002212050000035
0200043114700000000000000000006488400000000064884002212050000036
0200043114800000000000000000001662000000000016620002212050000037
0200043114900000000000000000868445600000008684456002212050000038
0200043115400000000000000000001662000000000016620002212050000039
0200043116700000000000000000001662000000000016620002212050000040
0200043118700000000000000000001662000000000016620002212050000041
0200043118800000000000000000001662000000000016620002212050000042
0200043119900000000000000000001662000000000016620002212050000043
0200043120000000000000000000001662000000000016620002212050000044
0200043120200000000000000000001624300000000016243002212050000045
0200043121900000000000000000001624300000000016243002212050000046
0200043124600000000000000000001624300000000016243002212050000047
0200043125700000000000000000003827000000000038270002212050000048
0200043126500000000000000000001662000000000016620002212050000049
0200043126600000000000000000001662000000000016620002212050000050
0200043128000000000000000000005010500000000050105002212050000051
0200043128900000000000000000001624300000000016243002212050000052
0200043129300000000000000000004924000000000049240002212050000053
0200043129400000000000000000001886700000000018867002212050000054
0200043129500000000000000000001624300000000016243002212050000055
0200043131900000000000000000001624300000000016243002212050000056
0200043132300000000000000000002656800000000026568002212050000057
0200043132600000000000000000002656800000000026568002212050000058
0200043132700000000000000000001662000000000016620002212050000059
0200043133200000000000000000032518200000000325182002212050000060
0200043133800000000000000000001662000000000016620002212050000061
0200043133900000000000000000001662000000000016620002212050000062
0200043134100000000000000000002747600000000027476002212050000063
0200043134300000000000000000001624300000000016243002212050000064
0200043134400000000000000000001624300000000016243002212050000065
0200043134500000000000000000001662000000000016620002212050000066
0200043134600000000000000000001624300000000016243002212050000067
0200043134800000000000000000001624300000000016243002212050000068
0200043134900000000000000000001624300000000016243002212050000069
0200043135000000000000000000001662000000000016620002212050000070
0200043135100000000000000000001662000000000016620002212050000071
0200043135200000000000000000001662000000000016620002212050000072
0200043135400000000000000000001662000000000016620002212050000073
0200043135500000000000000000001662000000000016620002212050000074
0200043135600000000000000000001662000000000016620002212050000075
0200043135700000000000000000001662000000000016620002212050000076
0200043135800000000000000000001662000000000016620002212050000077
0200043135900000000000000000001662000000000016620002212050000078
0200043136000000000000000000001662000000000016620002212050000079
0200043136100000000000000000001662000000000016620002212050000080
0200043136200000000000000000001662000000000016620002212050000081
0200043136300000000000000000001662000000000016620002212050000082
0200043136400000000000000000001624300000000016243002212050000083
0200043136500000000000000000001624300000000016243002212050000084
0200043137800000000000000000001624300000000016243002212050000085
0200043138700000000000000000001886700000000018867002212050000086
0200043149100000000000000000001624300000000016243002212050000087
0200043150000000000000000000006488400000000064884002212050000088
0200043152100000000000000000001662000000000016620002212050000089
0200043152900000000000000000001886700000000018867002212050000090
0200043153900000000000000000002656800000000026568002212050000091
0200043161900000000000000000001624300000000016243002212050000092
0200043184200000000000000000001662000000000016620002212050000093
0200043184300000000000000000001662000000000016620002212050000094
0900000000500004000000000000000000000                    0000006