01812212130009                                           0000000
0200002425282212122211300000002816800000000281680022120400000001
0200002425292212122211300000001812100000000181210022120400000001
0200002425302212122211300000002549500000000254950022120400000001
0200002425302212122211300000002549500000000254950022120400000001
0200002425322212122211300000001812100000000181210022120400000001
0200002425332212122211300000005499800000000549980022120400000001
0200002425342212122211300000002549500000000254950022120400000001
0200002425352212122211300000002549500000000254950022120400000001
0200002425362212122211300000001812100000000181210022120400000001
0200002425372212122211300000002549500000000254950022120400000001
0200002425382212122211300000001812100000000181210022120400000001
0200002425392212122211300000002742400000000274240022120400000001
0200002425402212122211300000002760300000000276030022120400000001
0200002425412212122211300000002923500000000292350022120400000001
0200002425422212122211300000001812100000000181210022120400000001
0200002425432212122211300000002655300000000265530022120400000001
0200002425442212122211300000001859300000000185930022120400000001
0200002425452212122211300000001812100000000181210022120400000001
0200002425462212122211300000001812100000000181210022120400000001
0200002425472212122211300000001812100000000181210022120400000001
0200002425482212122211300000001812100000000181210022120400000001
0200002425492212122211300000002549500000000254950022120400000001
0200002425492212122211300000001812100000000181210022120400000001
0200002425512212122211300000001812100000000181210022120400000001
0200002425522212122211300000001812100000000181210022120400000001
0200002425532212122211300000001859200000000185920022120400000001
0200002425542212122211300000001999500000000199950022120400000001
0200002425552212122211300000002611300000000261130022120400000001
0200002425562212122211300000002611300000000261130022120400000001
0200002425572212122211300000002611300000000261130022120400000001
0200002425582212122211300000006031400000000603140022120400000001
0200002425592212122211300000001951500000000195150022120400000001
0200002425602212122211300000002098700000000209870022120400000001
0200002425612212122211300000002611300000000261130022120400000001
0200002425622212122211300000002611300000000261130022120400000001
0200002425632212122211300000001990100000000199010022120400000001
0200002425642212122211300000001846300000000184630022120400000001
0200002425652212122211300000000018400000000001840022120400000001
0200002425662212122211300000002611300000000261130022120400000001
0200002425672212122211300000006130200000000613020022120400000001
0200002425682212122211300000001854900000000185490022120400000001
0200002425692212122211300000001854900000000185490022120400000001
0200002425702212122211300000002098700000000209870022120400000001
0200002425712212122211300000001854900000000185490022120400000001
0200002425722212122211300000002611300000000261130022120400000001
0200002425732212122211300000002611300000000261130022120400000001
0200002425742212122211300000002611300000000261130022120400000001
0200002425752212122211300000002611300000000261130022120400000001
0200002425762212122211300000001863900000000186390022120400000001
0200002425772212122211300000002611300000000261130022120400000001
0200002425782212122211300000002611300000000261130022120400000001
0200002425792212122211300000001854900000000185490022120400000001
0200002425802212122211300000002611300000000261130022120400000001
0200002425812212122211300000001854900000000185490022120400000001
0200002425822212122211300000001863700000000186370022120400000001
0200002425832212122211300000001854900000000185490022120400000001
0200002425842212122211300000001854900000000185490022120400000001
0200002425852212122211300000001854900000000185490022120400000001
0200002425862212122211300000002611300000000261130022120400000001
0200002425872212122211300000001854900000000185490022120400000001
0200002425882212122211300000001854900000000185490022120400000001
0200002425892212122211300000001854900000000185490022120400000001
0200002425902212122211300000003044400000000304440022120400000001
0200002425912212122211300000002599200000000259920022120400000001
0200002425922212122211300000002611300000000261130022120400000001
0200002425932212122211300000002611300000000261130022120400000001
0200002425942212122211300000001812100000000181210022120400000001
0200002425952212122211300000002549500000000254950022120400000001
0200002425962212122211300000002537400000000253740022120400000001
0200002425972212122211300000002549500000000254950022120400000001
0200002425982212122211300000002549500000000254950022120400000001
0200002425992212122211300000005000000000000500000022120400000001
0200002426002212122211300000002549500000000254950022120400000001
0200002426012212122211300000002549500000000254950022120400000001
0200002426022212122211300000001859500000000185950022120400000001
0200002426032212122211300000002758800000000275880022120400000001
0200002426042212122211300000002549500000000254950022120400000001
0200002426052212122211300000001906300000000190630022120400000001
0200002426062212122211300000002773100000000277310022120400000001
0200002426072212122211300000004475300000000447530022120400000001
0200002426082212122211300000002549500000000254950022120400000001
0200002426092212122211300000002549500000000254950022120400000001
0200002426102212122211300000001812100000000181210022120400000001
0200002426112212122211300000002549500000000254950022120400000001
0200002426122212122211300000002549500000000254950022120400000001
0200002426132212122211300000001803500000000180350022120400000001
0200002426142212122211300000001908100000000190810022120400000001
0200002426152212122211300000002005000000000200500022120400000001
0200002426162212122211300000002549500000000254950022120400000001
0200002426172212122211300000001812100000000181210022120400000001
0200002426182212122211300000002549500000000254950022120400000001
0200002426192212122211300000001854900000000185490022120400000001
0200002426202212122211300000001902000000000190200022120400000001
0200002426212212122211300000002611300000000261130022120400000001
0200002426222212122211300000002610900000000261090022120400000001
0200002426232212122211300000002000600000000200060022120400000001
0200002426242212122211300000002050100000000205010022120400000001
0200002426252212122211300000008150100000000815010022120400000001
0200002426252212122211300000001854900000000185490022120400000001
0200002426282212122211300000018958500000001895850022120400000001
0900000015000005484496000000000000000                    0000002