01412212150051                                           0000001
0200002432250000000000000000000016600000000001660022121100000002
0200002432260000000000000000001949300000000194930022121100000002
0200002432270000000000000000002611300000000261130022121100000002
0200002432280000000000000000002611300000000261130022121100000002
0200002432290000000000000000002822800000000282280022121100000002
0200002432300000000000000000002611300000000261130022121100000002
0200002432310000000000000000002611300000000261130022121100000002
0200002432320000000000000000002611300000000261130022121100000002
0200002432330000000000000000001854900000000185490022121100000002
0200002432340000000000000000002098700000000209870022121100000002
0200002432350000000000000000002611300000000261130022121100000002
0200002432360000000000000000001854900000000185490022121100000002
0200002432370000000000000000001998800000000199880022121100000002
0200002432380000000000000000002611300000000261130022121100000002
0200002432390000000000000000002717600000000271760022121100000002
0200002432400000000000000000002723000000000272300022121100000002
0200002432410000000000000000002611300000000261130022121100000002
0200002432430000000000000000002611300000000261130022121100000002
0200002432440000000000000000002611300000000261130022121100000002
0200002432450000000000000000002611300000000261130022121100000002
0200002432460000000000000000002611300000000261130022121100000002
0200002432470000000000000000002611300000000261130022121100000002
0200002432480000000000000000002611300000000261130022121100000002
0200002432490000000000000000002611300000000261130022121100000002
0200002432500000000000000000036306900000003630690022121100000002
0200002432510000000000000000002611300000000261130022121100000002
0200002432520000000000000000002611300000000261130022121100000002
0200002432530000000000000000002611300000000261130022121100000002
0200002432540000000000000000000025700000000002570022121100000002
0200002432550000000000000000002000600000000200060022121100000002
0200002432560000000000000000002611300000000261130022121100000002
0200002432570000000000000000002825100000000282510022121100000002
0200002432580000000000000000002043500000000204350022121100000002
0200002432590000000000000000002610900000000261090022121100000002
0200002432600000000000000000002611300000000261130022121100000002
0200002432610000000000000000002611300000000261130022121100000002
0200002432620000000000000000002611300000000261130022121100000002
0200002432630000000000000000002549500000000254950022121100000002
0200002432640000000000000000002611300000000261130022121100000002
0200002432650000000000000000002549500000000254950022121100000002
0200002432660000000000000000002988200000000298820022121100000002
0200002432670000000000000000002549500000000254950022121100000002
0200002432680000000000000000002994000000000299400022121100000002
0200002432690000000000000000002549500000000254950022121100000002
0200002432700000000000000000002549500000000254950022121100000002
0200002432710000000000000000002549500000000254950022121100000002
0200002432720000000000000000002549500000000254950022121100000002
0200002432730000000000000000002611300000000261130022121100000002
0200002432740000000000000000002611300000000261130022121100000002
0200002432750000000000000000002611300000000261130022121100000002
0200002432760000000000000000002611300000000261130022121100000002
0200002432770000000000000000002611300000000261130022121100000002
0200002432780000000000000000002611300000000261130022121100000002
0200002432790000000000000000002717100000000271710022121100000002
0200002432800000000000000000002611300000000261130022121100000002
0200002432810000000000000000002611300000000261130022121100000002
0200002432820000000000000000001540100000000154010022121100000002
0200002432830000000000000000002611300000000261130022121100000002
0200002432840000000000000000002611300000000261130022121100000002
0200002432850000000000000000002611300000000261130022121100000002
0200002432860000000000000000001854900000000185490022121100000002
0200002432870000000000000000002611300000000261130022121100000002
0200002432880000000000000000002611300000000261130022121100000002
0200002432890000000000000000002611300000000261130022121100000002
0200002432900000000000000000002611300000000261130022121100000002
0200002432910000000000000000002611300000000261130022121100000002
0200002432920000000000000000002611300000000261130022121100000002
0200002432930000000000000000002726100000000272610022121100000002
0200002432940000000000000000002611300000000261130022121100000002
0200002432950000000000000000001846300000000184630022121100000002
0200002432960000000000000000002610900000000261090022121100000002
0200002432970000000000000000002611300000000261130022121100000002
0200002432990000000000000000002611300000000261130022121100000002
0200002433000000000000000000003173500000000317350022121100000002
0200002433010000000000000000002717600000000271760022121100000002
0200002433020000000000000000002717100000000271710022121100000002
0200002433030000000000000000002717600000000271760022121100000002
0200002433040000000000000000002855100000000285510022121100000002
0200002433050000000000000000012866000000001286600022121100000002
0200002433060000000000000000002611300000000261130022121100000002
0200002433070000000000000000002611300000000261130022121100000002
0200002433080000000000000000002611300000000261130022121100000002
0200002433110000000000000000002834800000000283480022121100000002
0200002433120000000000000000009595000000000959500022121100000002
0200002433130000000000000000001902100000000190210022121100000002
0200002433140000000000000000002611300000000261130022121100000002
0200002433160000000000000000002611300000000261130022121100000002
0200002433170000000000000000001854900000000185490022121100000002
0200002433180000000000000000002611300000000261130022121100000002
0200002433190000000000000000002611300000000261130022121100000002
0200002433200000000000000000001854900000000185490022121100000002
0200002433210000000000000000002611300000000261130022121100000002
0200002433220000000000000000000025700000000002570022121100000002
0200002433230000000000000000002611300000000261130022121100000002
0200002433240000000000000000002822800000000282280022121100000002
0200002433250000000000000000002611300000000261130022121100000002
0200002433260000000000000000002611300000000261130022121100000002
0200002433270000000000000000002611300000000261130022121100000002
0200002433280000000000000000002611300000000261130022121100000002
0200002433290000000000000000002611300000000261130022121100000002
0200002433300000000000000000002611300000000261130022121100000002
0200002433310000000000000000002611300000000261130022121100000002
0200002433320000000000000000002928500000000292850022121100000002
0200002433330000000000000000002822900000000282290022121100000002
0200002433340000000000000000002549500000000254950022121100000002
0200002433350000000000000000002611300000000261130022121100000002
0200002433360000000000000000002549500000000254950022121100000002
0200002433370000000000000000002549500000000254950022121100000002
0900000057800026616517000001317598700                    0000003