01372212110009                                           0000000
0200004557042212182211210000006488400000000000000022113000000047
0200004557052212182211210000006488400000000000000022113000000047
0200004557062212182211210000006488400000000000000022113000000047
0200004557082212182211210000001662000000000000000022113000000047
0200004557092212182211210000001662000000000000000022113000000047
0200004557112212182211210000002656800000000000000022113000000047
0200004557122212182211210000001662000000000000000022113000000047
0200004557142212182211210000001886700000000000000022113000000047
0200004557152212182211210000006488400000000000000022113000000047
0200004557182212182211210000091440800000000000000022113000000047
0200004557192212182211210000002555900000000000000022113000000047
0200004557222212182211210000006488400000000000000022113000000047
0200004557262212182211210000001662000000000000000022113000000047
0200004557272212182211210000001662000000000000000022113000000047
0200004557302212182211210000001886700000000000000022113000000047
0200004557312212182211210000001662000000000000000022113000000047
0200004557342212182211210000002656800000000000000022113000000047
0200004557392212182211210000024126200000000000000022113000000047
0200004557402212182211210000001886700000000000000022113000000047
0200004557412212182211210000006488400000000000000022113000000047
0200004557762212182211210000006488400000000000000022113000000047
0200004557772212182211210000001624300000000000000022113000000047
0200004557782212182211210000001624300000000000000022113000000047
0200004557792212182211210000001624300000000000000022113000000047
0200004557802212182211210000001624300000000000000022113000000047
0200004557812212182211210000001624300000000000000022113000000047
0200004557822212182211210000001624300000000000000022113000000047
0200004557832212182211210000001624300000000000000022113000000047
0200004557842212182211210000001624300000000000000022113000000047
0200004557852212182211210000001624300000000000000022113000000047
0200004557862212182211210000001624300000000000000022113000000047
0200004557872212182211210000001624300000000000000022113000000047
0200004557882212182211210000001624300000000000000022113000000047
0200004557892212182211210000001624300000000000000022113000000047
0200004557902212182211210000001624300000000000000022113000000047
0200004557912212182211210000001662000000000000000022113000000047
0200004557922212182211210000001662000000000000000022113000000047
0200004557932212182211210000001662000000000000000022113000000047
0200004557942212182211210000001662000000000000000022113000000047
0200004557952212182211210000001662000000000000000022113000000047
0200004557962212182211210000006488400000000000000022113000000047
0200004557972212182211210000006132800000000000000022113000000047
0200004557982212182211210000001662000000000000000022113000000047
0200004557992212182211210000001662000000000000000022113000000047
0200004558002212182211210000003857400000000000000022113000000047
0200004558012212182211210000001662000000000000000022113000000047
0200004558022212182211210000001662000000000000000022113000000047
0200004558032212182211210000004263700000000000000022113000000047
0200004558042212182211210000001662000000000000000022113000000047
0200004558052212182211210000001624300000000000000022113000000047
0200004558062212182211210000001662000000000000000022113000000047
0200004558072212182211210000001662000000000000000022113000000047
0200004558082212182211210000001662000000000000000022113000000047
0200004558102212182211210000001662000000000000000022113000000047
0200004558112212182211210000001662000000000000000022113000000047
0200004558122212182211210000001662000000000000000022113000000047
0200004558132212182211210000001662000000000000000022113000000047
0200004558142212182211210000001662000000000000000022113000000047
0200004558152212182211210000001662000000000000000022113000000047
0200004558172212182211210000001662000000000000000022113000000047
0200004558182212182211210000001662000000000000000022113000000047
0200004558192212182211210000001662000000000000000022113000000047
0200004558202212182211210000001662000000000000000022113000000047
0200004558212212182211210000001662000000000000000022113000000047
0200004558222212182211210000001662000000000000000022113000000047
0200004558232212182211210000001662000000000000000022113000000047
0200004558242212182211210000003755900000000000000022113000000047
0200004558252212182211210000001662000000000000000022113000000047
0200004558262212182211210000001662000000000000000022113000000047
0200004558272212182211210000001662000000000000000022113000000047
0200004558282212182211210000001662000000000000000022113000000047
0200004558302212182211210000001662000000000000000022113000000047
0200004558312212182211210000001662000000000000000022113000000047
0200004558322212182211210000001624300000000000000022113000000047
0200004558332212182211210000001624300000000000000022113000000047
0200004558342212182211210000001624300000000000000022113000000047
0200004558352212182211210000001624300000000000000022113000000047
0200004558372212182211210000001662000000000000000022113000000047
0200004558382212182211210000001662000000000000000022113000000047
0200004558402212182211210000004568500000000000000022113000000047
0200004558412212182211210000001662000000000000000022113000000047
0200004558432212182211210000001662000000000000000022113000000047
0200004558442212182211210000001662000000000000000022113000000047
0200004558452212182211210000001624300000000000000022113000000047
0200004558462212182211210000001624300000000000000022113000000047
0200004558472212182211210000006488400000000000000022113000000047
0200004558482212182211210000003248000000000000000022113000000047
0200004558492212182211210000006488400000000000000022113000000047
0200004558502212182211210000001662000000000000000022113000000047
0200004558512212182211210000001662000000000000000022113000000047
0200004558522212182211210000001662000000000000000022113000000047
0200004558532212182211210000001662000000000000000022113000000047
0200004558542212182211210000006803200000000000000022113000000047
0200004558552212182211210000006488400000000000000022113000000047
0200004558562212182211210000003603500000000000000022113000000047
0200004558572212182211210000003095600000000000000022113000000047
0200004558582212182211210000006193700000000000000022113000000047
0200004558592212182211210000002555900000000000000022113000000047
0200004558602212182211210000001662000000000000000022113000000047
0200004558612212182211210000001662000000000000000022113000000047
0200004558632212182211210000001624300000000000000022113000000047
0200004558642212182211210000001662000000000000000022113000000047
0200004558652212182211210000001662000000000000000022113000000047
0200004558672212182211210000001662000000000000000022113000000047
0200004558682212182211210000001662000000000000000022113000000047
0200004558692212182211210000001662000000000000000022113000000047
0200004558722212182211210000001662000000000000000022113000000047
0200004558732212182211210000001662000000000000000022113000000047
0200004558742212182211210000001662000000000000000022113000000047
0200004558752212182211210000001662000000000000000022113000000047
0200004558762212182211210000001662000000000000000022113000000047
0200004558772212182211210000001662000000000000000022113000000047
0200004558782212182211210000001662000000000000000022113000000047
0200004558792212182211210000001662000000000000000022113000000047
0200004558812212182211210000001662000000000000000022113000000047
0200004558822212182211210000001662000000000000000022113000000047
0200004558832212182211210000001662000000000000000022113000000047
0200004558842212182211210000001662000000000000000022113000000047
0200004558852212182211210000001662000000000000000022113000000047
0200004558862212182211210000001662000000000000000022113000000047
0200004558872212182211210000001662000000000000000022113000000047
0200004558882212182211210000001662000000000000000022113000000047
0200004558892212182211210000001662000000000000000022113000000047
0200004558902212182211210000001662000000000000000022113000000047
0200004558912212182211210000001662000000000000000022113000000047
0200004558922212182211210000001662000000000000000022113000000047
0200004558932212182211210000001624300000000000000022113000000047
0200004558942212182211210000001624300000000000000022113000000047
0200004558972212182211210000001624300000000000000022113000000047
0200004558982212182211210000001624300000000000000022113000000047
0200004558992212182211210000001624300000000000000022113000000047
0200004559002212182211210000001624300000000000000022113000000047
0200004559012212182211210000001624300000000000000022113000000047
0200004559022212182211210000001624300000000000000022113000000047
0200004559032212182211210000001624300000000000000022113000000047
0200004559042212182211210000001662000000000000000022113000000047
0200004559052212182211210000001662000000000000000022113000000047
0200004559062212182211210000001624300000000000000022113000000047
0200004559072212182211210000001624300000000000000022113000000047
0200004559082212182211210000001624300000000000000022113000000047
0200004559092212182211210000001624300000000000000022113000000047
0200004559102212182211210000001624300000000000000022113000000047
0200004559112212182211210000001624300000000000000022113000000047
0200004559122212182211210000001624300000000000000022113000000047
0200004559132212182211210000001624300000000000000022113000000047
0200004559142212182211210000001624300000000000000022113000000047
0200004559152212182211210000001624300000000000000022113000000047
0200004559162212182211210000001624300000000000000022113000000047
0200004559172212182211210000001624300000000000000022113000000047
0200004559182212182211210000001624300000000000000022113000000047
0200004559192212182211210000001624300000000000000022113000000047
0200004559202212182211210000001624300000000000000022113000000047
0200004559212212182211210000001624300000000000000022113000000047
0200004559222212182211210000001624300000000000000022113000000047
0200004559232212182211210000001624300000000000000022113000000047
0200004559252212182211210000001624300000000000000022113000000047
0200004559262212182211210000001624300000000000000022113000000047
0200004559272212182211210000001624300000000000000022113000000047
0200004559282212182211210000001624300000000000000022113000000047
0200004559292212182211210000001662000000000000000022113000000047
0200004559302212182211210000002656800000000000000022113000000047
0200004559312212182211210000002656800000000000000022113000000047
0200004559322212182211210000006488400000000000000022113000000047
0200004559352212182211210000001662000000000000000022113000000047
0200004559392212182211210000001662000000000000000022113000000047
0200004559402212182211210000001662000000000000000022113000000047
0200004559412212182211210000001662000000000000000022113000000047
0200004559422212182211210000001662000000000000000022113000000047
0200004559432212182211210000004466900000000000000022113000000047
0200004559452212182211210000006488400000000000000022113000000047
0200004559462212182211210000001662000000000000000022113000000047
0200004559472212182211210000006488400000000000000022113000000047
0200004559482212182211210000003248000000000000000022113000000047
0200004559502212182211210000003755900000000000000022113000000047
0200004559512212182211210000004585200000000000000022113000000047
0200004559522212182211210000001624300000000000000022113000000047
0200004559532212182211210000001624300000000000000022113000000047
0200004559542212182211210000001624300000000000000022113000000047
0200004559552212182211210000001662000000000000000022113000000047
0200004559562212182211210000001662000000000000000022113000000047
0200004559582212182211210000001662000000000000000022113000000047
0200004559592212182211210000001662000000000000000022113000000047
0200004559612212182211210000006488400000000000000022113000000047
0200004559622212182211210000001662000000000000000022113000000047
0200004559632212182211210000001662000000000000000022113000000047
0200004559642212182211210000001662000000000000000022113000000047
0200004559652212182211210000001662000000000000000022113000000047
0200004559672212182211210000001662000000000000000022113000000047
0200004559682212182211210000001624300000000000000022113000000047
0200004559692212182211210000001624300000000000000022113000000047
0200004559702212182211210000006488400000000000000022113000000047
0200004559712212182211210000001662000000000000000022113000000047
0200004559722212182211210000001662000000000000000022113000000047
0200004559742212182211210000001662000000000000000022113000000047
0200004559752212182211210000001624300000000000000022113000000047
0200004559762212182211210000001662000000000000000022113000000047
0200004559772212182211210000001662000000000000000022113000000047
0200004559782212182211210000001662000000000000000022113000000047
0200004559792212182211210000001662000000000000000022113000000047
0200004559802212182211210000001662000000000000000022113000000047
0900000000400000068655000000000000000                    0000002