01372212090009                                           0000000
0020004312932212182211210000004924000000000000000022120900000001
0020004312942212182211210000001886700000000000000022120900000002
0020004312952212182211210000001624300000000000000022120900000003
0020004313192212182211210000001624300000000000000022120900000004
0020004313232212182211210000002656800000000000000022120900000005
0020004313262212182211210000002656800000000000000022120900000006
0020004313272212182211210000001662000000000000000022120900000007
0020004313322212182211210000032518200000000000000022120900000008
0020004313382212182211210000001662000000000000000022120900000009
0020004313392212182211210000001662000000000000000022120900000010
0020004312892212182211210000001624300000000000000022120900000011
0020004313412212182211210000002747600000000000000022120900000012
0020004313432212182211210000001624300000000000000022120900000013
0020004313442212182211210000001624300000000000000022120900000014
0020004313452212182211210000001662000000000000000022120900000015
0020004313462212182211210000001624300000000000000022120900000016
0020004313482212182211210000001624300000000000000022120900000017
0020004313492212182211210000001624300000000000000022120900000018
0020004312932212182211210000004924000000000000000022120900000019
0020004313502212182211210000001662000000000000000022120900000020
0900000000400000068655000000000000000                    0000021
