01822000268920211114001 202111141828A00
0577099980136120001
060000000000000000000000000000000000000000005287480000000100000001010000000000000000001122744                                                      50001000
060000000000000000000000000000000000000000005286240000000100000001010000000000000000007075124                                                      50001000
060000000000000000000000000000000000000000005259710000000100000001010000000000000000001122744                                                      50001000
060000000000000000000000000000000000000000005272690000000100000001010000000000000000007075124                                                      50001000
060000000000000000000000000000000000000000005259450000000100000001010000000000000000001122744                                                      50001000
060000000000000000000000000000000000000000005288280000000100000001010000000000000000001122744                                                      50001000
08000000200000000000000377160001
08000000200000000000000377160001
