01742212050009                                           0000000
0200002353792212182211210000006488400000000000000022120500000001
0200002541332212182211210000001662000000000000000022120500000002
0200002602212212182211210000002647200000000000000022120500000003
0200002659602212182211210000002747600000000000000022120500000004
0200002902482212182211210000002747600000000000000022120500000005
0200003021772212182211210000002843100000000000000022120500000006
0200003515202212182211210000001662000000000000000022120500000007
0200004295392212182211210000002656800000000000000022120500000008
0200004298442212182211210000009933700000000000000022120500000009
0200004310582212182211210000001624300000000000000022120500000010
0200004310692212182211210000001624300000000000000022120500000011
0200004310832212182211210000001662000000000000000022120500000012
0200004310842212182211210000002656800000000000000022120500000013
0200004310852212182211210000001662000000000000000022120500000014
0200004310882212182211210000001662000000000000000022120500000015
0200004310922212182211210000001662000000000000000022120500000016
0200004310932212182211210000001662000000000000000022120500000017
0200004310952212182211210000001662000000000000000022120500000018
0200004310962212182211210000002656800000000000000022120500000019
0200004310972212182211210000001886700000000000000022120500000020
0200004311002212182211210000002656800000000000000022120500000021
0200004311012212182211210000001662000000000000000022120500000022
0200004311022212182211210000001662000000000000000022120500000023
0200004311032212182211210000001624300000000000000022120500000024
0200004311142212182211210000001662000000000000000022120500000025
0200004311252212182211210000002656800000000000000022120500000026
0200004311352212182211210000001624300000000000000022120500000027
0200004311472212182211210000006488400000000000000022120500000028
0200004311482212182211210000001662000000000000000022120500000029
0200004311492212182211210000868445600000000000000022120500000030
0200004311542212182211210000001662000000000000000022120500000031
0200004311672212182211210000001662000000000000000022120500000032
0200004311872212182211210000001662000000000000000022120500000033
0200004311882212182211210000001662000000000000000022120500000034
0200004311992212182211210000001662000000000000000022120500000035
0200004312002212182211210000001662000000000000000022120500000036
0200004312022212182211210000001624300000000000000022120500000037
0200004312192212182211210000001624300000000000000022120500000038
0200004312462212182211210000001624300000000000000022120500000039
0200004312572212182211210000003827000000000000000022120500000040
0200004312652212182211210000001662000000000000000022120500000041
0200004312662212182211210000001662000000000000000022120500000042
0200004312802212182211210000005010500000000000000022120500000043
0900000004300000066063000000000000000                    0000044