01992212150051                                           0000001
0200004560710000000000000000001624300000000000000022121100000002
0200004560720000000000000000001624300000000000000022121100000002
0200004560730000000000000000003558100000000000000022121100000002
0200004560740000000000000000001624300000000000000022121100000002
0200004560750000000000000000001624300000000000000022121100000002
0200004560760000000000000000001624300000000000000022121100000002
0200004560770000000000000000001624300000000000000022121100000002
0200004560780000000000000000001624300000000000000022121100000002
0200004560790000000000000000001662000000000000000022121100000002
0200004560800000000000000000001624300000000000000022121100000002
0200004560810000000000000000001624300000000000000022121100000002
0200004560830000000000000000001624300000000000000022121100000002
0200004560840000000000000000001624300000000000000022121100000002
0200004560850000000000000000001624300000000000000022121100000002
0200004560860000000000000000001624300000000000000022121100000002
0200004560870000000000000000001624300000000000000022121100000002
0200004560880000000000000000001624300000000000000022121100000002
0200004560890000000000000000001624300000000000000022121100000002
0200004560900000000000000000001624300000000000000022121100000002
0200004560910000000000000000001624300000000000000022121100000002
0200004560920000000000000000001624300000000000000022121100000002
0200004560930000000000000000002656800000000000000022121100000002
0200004560940000000000000000001662000000000000000022121100000002
0200004560950000000000000000001662000000000000000022121100000002
0200004560960000000000000000001662000000000000000022121100000002
0200004560970000000000000000001662000000000000000022121100000002
0200004560980000000000000000001662000000000000000022121100000002
0200004560990000000000000000001662000000000000000022121100000002
0200004561000000000000000000001662000000000000000022121100000002
0200004561010000000000000000001662000000000000000022121100000002
0200004561020000000000000000001662000000000000000022121100000002
0200004561030000000000000000001662000000000000000022121100000002
0200004561050000000000000000001624300000000000000022121100000002
0200004561060000000000000000001662000000000000000022121100000002
0200004561070000000000000000001662000000000000000022121100000002
0200004561080000000000000000001662000000000000000022121100000002
0200004561100000000000000000001662000000000000000022121100000002
0200004561110000000000000000001624300000000000000022121100000002
0200004561120000000000000000001624300000000000000022121100000002
0200004561130000000000000000001624300000000000000022121100000002
0200004561140000000000000000001624300000000000000022121100000002
0200004561150000000000000000001038300000000000000022121100000002
0200004561160000000000000000001624300000000000000022121100000002
0200004561170000000000000000001624300000000000000022121100000002
0200004561180000000000000000001624300000000000000022121100000002
0200004561190000000000000000001624300000000000000022121100000002
0200004561200000000000000000001624300000000000000022121100000002
0200004561210000000000000000001624300000000000000022121100000002
0200004561220000000000000000001624300000000000000022121100000002
0200004561230000000000000000001662000000000000000022121100000002
0200004561240000000000000000001662000000000000000022121100000002
0200004561250000000000000000001662000000000000000022121100000002
0200004561260000000000000000001662000000000000000022121100000002
0200004561270000000000000000001624300000000000000022121100000002
0200004561280000000000000000001624300000000000000022121100000002
0200004561290000000000000000001624300000000000000022121100000002
0200004561300000000000000000001624300000000000000022121100000002
0200004561320000000000000000001662000000000000000022121100000002
0200004561330000000000000000001662000000000000000022121100000002
0200004561340000000000000000001662000000000000000022121100000002
0200004561350000000000000000001662000000000000000022121100000002
0200004561360000000000000000001624300000000000000022121100000002
0200004561370000000000000000001624300000000000000022121100000002
0200004561380000000000000000001624300000000000000022121100000002
0200004561390000000000000000001662000000000000000022121100000002
0200004561400000000000000000001624300000000000000022121100000002
0200004561410000000000000000001624300000000000000022121100000002
0200004561420000000000000000001624300000000000000022121100000002
0200004561430000000000000000001624300000000000000022121100000002
0200004561440000000000000000001624300000000000000022121100000002
0200004561450000000000000000001624300000000000000022121100000002
0900000000700001450041000000000000000                    0000003