018220002689202301010195500155063       202301010844B01                                                                                                          	
0500000000000000001                                                                                                                                              	
0600000000000000000000000000000000000000000024277300000003150300011500000000000001900010000002                                                                       
0600000000000000000000000000000000000000000024277400000003061400011500000000000001900010000002                                                                       
0600000000000000000000000000000000000000000024277500000001854900011500000000000001900010000002                                                                       
0600000000000000000000000000000000000000000024277600000002698400011500000000000001900010000002                                                                       
0600000000000000000000000000000000000000000024277700000002795900011500000000000001900010000002                                                                       
0600000000000000000000000000000000000000000024277800000002698400011500000000000001900010000002                                                                       
0600000000000000000000000000000000000000000024277900000002808000011500000000000001900010000002                                                                       
0600000000000000000000000000000000000000000024278000000002599200011500000000000001900010000002                                                                       
0600000000000000000000000000000000000000000024278100000002698400011500000000000001900010000002                                                                       
0600000000000000000000000000000000000000000024278200000002610900011500000000000001900010000002                                                                       
0600000000000000000000000000000000000000000024278300000002698400011500000000000001900010000002                                                                       
0600000000000000000000000000000000000000000024278400000002611300011500000000000001900010000002                                                                       
0600000000000000000000000000000000000000000024278500000002610900011500000000000001900010000002                                                                       
0600000000000000000000000000000000000000000024278600000002611300011500000000000001900010000002                                                                       
0600000000000000000000000000000000000000000024278700000002611300011500000000000001900010000002                                                                       
0600000000000000000000000000000000000000000024278800000002599200011500000000000001900010000002                                                                       
0600000000000000000000000000000000000000000024278900000002599200011500000000000001900010000002                                                                       
0600000000000000000000000000000000000000000024279000000002611300011500000000000001900010000002                                                                       
0600000000000000000000000000000000000000000024279100000002599200011500000000000001900010000002                                                                       
0600000000000000000000000000000000000000000024279200000002611300011500000000000001900010000002                                                                       
0600000000000000000000000000000000000000000024279300000002611300011500000000000001900010000002                                                                       
0600000000000000000000000000000000000000000024279400000002611300011500000000000001900010000002                                                                       
0600000000000000000000000000000000000000000024279500000002705000011500000000000001900010000002                                                                       
0600000000000000000000000000000000000000000024279600000002611300011500000000000001900010000002                                                                       
0600000000000000000000000000000000000000000024279700000002611300011500000000000001900010000002                                                                       
0600000000000000000000000000000000000000000024279800000002611300011500000000000001900010000002                                                                       
0600000000000000000000000000000000000000000024279900000003061700011500000000000001900010000002                                                                       
0600000000000000000000000000000000000000000024280000000002610900011500000000000001900010000002                                                                       
0600000000000000000000000000000000000000000024280100000002726100011500000000000001900010000002                                                                       
0600000000000000000000000000000000000000000024280200000002717100011500000000000001900010000002                                                                       
0600000000000000000000000000000000000000000024280300000002611300011500000000000001900010000002                                                                       
0600000000000000000000000000000000000000000024280400000002611300011500000000000001900010000002                                                                       
0600000000000000000000000000000000000000000024280500000002716700011500000000000001900010000002                                                                       
0600000000000000000000000000000000000000000024280600000002611300011500000000000001900010000002                                                                       
0600000000000000000000000000000000000000000024280700000002717100011500000000000001900010000002                                                                       
0600000000000000000000000000000000000000000024280800000002611300011500000000000001900010000002                                                                       
0600000000000000000000000000000000000000000024280900000002611300011500000000000001900010000002                                                                       
0600000000000000000000000000000000000000000024281000000002793400011500000000000001900010000002                                                                       
0600000000000000000000000000000000000000000024281100000003150700011500000000000001900010000002                                                                       
0600000000000000000000000000000000000000000024281200000002611300011500000000000001900010000002                                                                       
0600000000000000000000000000000000000000000024281300000002694200011500000000000001900010000002                                                                       
0600000000000000000000000000000000000000000024281400000002549500011500000000000001900010000002                                                                       
0600000000000000000000000000000000000000000024281500000002549100011500000000000001900010000002                                                                       
0600000000000000000000000000000000000000000024281600000002549500011500000000000001900010000002                                                                       
0600000000000000000000000000000000000000000024281700000002549500011500000000000001900010000002                                                                       
0600000000000000000000000000000000000000000024281800000002549500011500000000000001900010000002                                                                       
0600000000000000000000000000000000000000000024281900000002884800011500000000000001900010000002                                                                       
0600000000000000000000000000000000000000000024282000000002884400011500000000000001900010000002                                                                       
0600000000000000000000000000000000000000000024282100000002549500011500000000000001900010000002                                                                       
0600000000000000000000000000000000000000000024282200000002825100011500000000000001900010000002                                                                       
080000000520000000001340492000001                                                                                                                                	
09000000052000000000134049200                                                                                                                                    	
