80002127290000822000268900000000
0200002403240000000000000000002698400000000021940022121500000001
0200002403250000000000000000002698400000000021940022121500000001
0200002403260000000000000000002698400000000021940022121500000001
0200002403270000000000000000002698400000000021940022121500000001
0200002403280000000000000000002611300000000021940022121500000001
0200002403290000000000000000002611300000000021940022121500000001
0200002403300000000000000000002611300000000021940022121500000001
0200002403310000000000000000002549500000000021940022121500000001
0200002403320000000000000000002653000000000021940022121500000001
0200002403330000000000000000002549500000000021940022121500000001
0200002403340000000000000000002549500000000021940022121500000001
0200002403350000000000000000002549500000000021940022121500000001
0200002403360000000000000000002549500000000021940022121500000001
0200002403370000000000000000002549500000000021940022121500000001
0200002403380000000000000000001643000000000021940022121500000001
0200002403390000000000000000002611300000000021940022121500000001
0200002403400000000000000000002549500000000021940022121500000001
0200002403410000000000000000002549500000000021940022121500000001
0200002403420000000000000000002549500000000021940022121500000001
0200002403430000000000000000002549500000000021940022121500000001
0200002403440000000000000000002549500000000021940022121500000001
0200002403450000000000000000002773000000000021940022121500000001
0200002403460000000000000000002549500000000021940022121500000001
0200002403470000000000000000002549500000000021940022121500000001
0200002403480000000000000000002549500000000021940022121500000001
0200002403490000000000000000002561900000000021940022121500000001
0200002403500000000000000000002549500000000021940022121500000001
0200002403510000000000000000002549500000000021940022121500000001
0200002403520000000000000000002832800000000021940022121500000001
0200002403530000000000000000002611300000000021940022121500000001
0200002403540000000000000000002549500000000021940022121500000001
0200002403550000000000000000002549500000000021940022121500000001
0200002403560000000000000000002549500000000021940022121500000001
0200002403570000000000000000002549500000000021940022121500000001
0200002403580000000000000000002549500000000021940022121500000001
0200002403590000000000000000002637300000000021940022121500000001
0200002403600000000000000000001859200000000021940022121500000001
0200002403610000000000000000001812100000000021940022121500000001
0200002403620000000000000000001907600000000021940022121500000001
0200002403630000000000000000002047900000000021940022121500000001
0200002403640000000000000000001952500000000021940022121500000001
0200002403650000000000000000001812100000000021940022121500000001
0200002403660000000000000000001812100000000021940022121500000001
0200002403670000000000000000001812100000000021940022121500000001
0200002403680000000000000000002717100000000021940022121500000001
0200002403690000000000000000001812100000000021940022121500000001
0200002403700000000000000000001859200000000021940022121500000001
0200002403710000000000000000001953500000000021940022121500000001
0200002403720000000000000000001812100000000021940022121500000001
0200002403730000000000000000001812100000000021940022121500000001
0200002403740000000000000000001102400000000021940022121500000001
0200002403750000000000000000001812100000000021940022121500000001
0200002403760000000000000000001812100000000021940022121500000001
0200002403770000000000000000001950000000000021940022121500000001
0200002403790000000000000000002549500000000021940022121500000001
0200002403800000000000000000002549500000000021940022121500000001
0200002403810000000000000000003105800000000021940022121500000001
0200002403820000000000000000002549500000000021940022121500000001
0200002403830000000000000000002726100000000021940022121500000001
0200002403840000000000000000002549500000000021940022121500000001
0200002403850000000000000000002549500000000021940022121500000001
0200002403860000000000000000002611300000000021940022121500000001
0200002403870000000000000000004766300000000021940022121500000001
0200002403880000000000000000003061700000000021940022121500000001
0200002403890000000000000000048599900000000021940022121500000001
0200002403900000000000000000002611300000000021940022121500000001
0200002403910000000000000000002611300000000021940022121500000001
0200002403920000000000000000002549500000000021940022121500000001
0200002403930000000000000000002549500000000021940022121500000001
0200002403940000000000000000002549500000000021940022121500000001
0200002403950000000000000000002758600000000021940022121500000001
0200002403960000000000000000002882300000000021940022121500000001
0200002403970000000000000000002611300000000021940022121500000001
0200002403980000000000000000002726100000000021940022121500000001
0200002403990000000000000000002611300000000021940022121500000001
0200002404000000000000000000002717100000000021940022121500000001
0200002404010000000000000000005930600000000021940022121500000001
0200002404020000000000000000002928900000000021940022121500000001
0200002404030000000000000000002611300000000021940022121500000001
0200002404040000000000000000002611300000000021940022121500000001
0200002404050000000000000000003034600000000021940022121500000001
0200002404060000000000000000016270700000000021940022121500000001
0200002404070000000000000000002611300000000021940022121500000001
0200002404080000000000000000003150700000000021940022121500000001
0200002404090000000000000000002717600000000021940022121500000001
0200002404100000000000000000002611300000000021940022121500000001
0200002404110000000000000000002611300000000021940022121500000001
0200002404120000000000000000002611300000000021940022121500000001
0200002404130000000000000000002624000000000021940022121500000001
0200002404140000000000000000002611300000000021940022121500000001
0200002404150000000000000000002549500000000021940022121500000001
0200002404160000000000000000002549500000000021940022121500000001
0200002404170000000000000000002549500000000021940022121500000001
0200002404180000000000000000002549500000000021940022121500000001
0200002404190000000000000000002549500000000021940022121500000001
0200002404200000000000000000002611300000000021940022121500000001
0200002404210000000000000000002611300000000021940022121500000001
0200002404220000000000000000001909300000000021940022121500000001
0200002404230000000000000000001812100000000021940022121500000001
0200002404240000000000000000001812100000000021940022121500000001
0900000001800000000000293769000003758400000