01822000268920221205001                 20221205   0A00
0577099980136120001
060000000000000000000000000000000000000000004560200000000162430001010000000000000000001160608                                                      50001000
060000000000000000000000000000000000000000004560210000000162430001010000000000000000001160608                                                      50001000
060000000000000000000000000000000000000000004560220000000162430001010000000000000000001160608                                                      50001000
060000000000000000000000000000000000000000004560230000000162430001010000000000000000001160608                                                      50001000
060000000000000000000000000000000000000000004560240000000534550001010000000000000000001160608                                                      50001000
060000000000000000000000000000000000000000004560250000000162430001010000000000000000001160608                                                      50001000
060000000000000000000000000000000000000000004560260000000162430001010000000000000000001160608                                                      50001000
060000000000000000000000000000000000000000004560270000000162430001010000000000000000001160608                                                      50001000
060000000000000000000000000000000000000000004560290000000162430001010000000000000000001160608                                                      50001000
060000000000000000000000000000000000000000004560300000000162430001010000000000000000001160608                                                      50001000
060000000000000000000000000000000000000000004560310000000162430001010000000000000000001160608                                                      50001000
060000000000000000000000000000000000000000004560330000000162430001010000000000000000001160608                                                      50001000
060000000000000000000000000000000000000000004560340000000162430001010000000000000000001160608                                                      50001000
060000000000000000000000000000000000000000004560350000000162430001010000000000000000001160608                                                      50001000
060000000000000000000000000000000000000000004560360000000162430001010000000000000000001160608                                                      50001000
060000000000000000000000000000000000000000004560370000000162430001010000000000000000001160608                                                      50001000
060000000000000000000000000000000000000000004560380000000166200001010000000000000000001160608                                                      50001000
060000000000000000000000000000000000000000004560400000000162430001010000000000000000001160608                                                      50001000
060000000000000000000000000000000000000000004560410000000162430001010000000000000000001160608                                                      50001000
060000000000000000000000000000000000000000004560420000000162430001010000000000000000001160608                                                      50001000
060000000000000000000000000000000000000000004560430000000162430001010000000000000000001160608                                                      50001000
060000000000000000000000000000000000000000004560440000000162430001010000000000000000001160608                                                      50001000
060000000000000000000000000000000000000000004560450000000162430001010000000000000000001160608                                                      50001000
060000000000000000000000000000000000000000004560460000000162430001010000000000000000001160608                                                      50001000
060000000000000000000000000000000000000000004560470000000162430001010000000000000000001160608                                                      50001000
060000000000000000000000000000000000000000004560480000000162430001010000000000000000001160608                                                      50001000
060000000000000000000000000000000000000000004560490000000166200001010000000000000000001160608                                                      50001000
060000000000000000000000000000000000000000004560500000000360350001010000000000000000001160608                                                      50001000
060000000000000000000000000000000000000000004560510000000162430001010000000000000000001160608                                                      50001000
060000000000000000000000000000000000000000004560520000000162430001010000000000000000001160608                                                      50001000
060000000000000000000000000000000000000000004560530000000162430001010000000000000000001160608                                                      50001000
060000000000000000000000000000000000000000004560540000000162430001010000000000000000001160608                                                      50001000
060000000000000000000000000000000000000000004560550000000162430001010000000000000000001160608                                                      50001000
060000000000000000000000000000000000000000004560560000000162430001010000000000000000001160608                                                      50001000
080000000200000000000280000001