01822000268920221205001                 20221205   0A00
0577099980136120001
060000000000000000000000000000000000000000002430100000000241770001010000000000000000001160608                                                      50001000
060000000000000000000000000000000000000000002430110000000252090001010000000000000000001160608                                                      50001000
060000000000000000000000000000000000000000002430120000000224240001010000000000000000001160608                                                      50001000
060000000000000000000000000000000000000000002430130000000253060001010000000000000000001160608                                                      50001000
060000000000000000000000000000000000000000002430140000000233280001010000000000000000001160608                                                      50001000
060000000000000000000000000000000000000000002430150000000224240001010000000000000000001160608                                                      50001000
060000000000000000000000000000000000000000002430160000000167660001010000000000000000001160608                                                      50001000
060000000000000000000000000000000000000000002430170000000176170001010000000000000000001160608                                                      50001000
060000000000000000000000000000000000000000002430180000000163510001010000000000000000001160608                                                      50001000
060000000000000000000000000000000000000000002430180000000163510001010000000000000000001160708                                                      50001000
060000000000000000000000000000000000000000002430200000000163510001010000000000000000001160608                                                      50001000
060000000000000000000000000000000000000000002430210000000179900001010000000000000000001160608                                                      50001000
060000000000000000000000000000000000000000002430220000000163510001010000000000000000001160608                                                      50001000
060000000000000000000000000000000000000000002430230000000163510001010000000000000000001160608                                                      50001000
060000000000000000000000000000000000000000002430240000000163510001010000000000000000001160608                                                      50001000
060000000000000000000000000000000000000000002430250000000172060001010000000000000000001160608                                                      50001000
060000000000000000000000000000000000000000002430260000000175970001010000000000000000001160608                                                      50001000
060000000000000000000000000000000000000000002430270000000163510001010000000000000000001160608                                                      50001000
060000000000000000000000000000000000000000002430280000000164300001010000000000000000001160608                                                      50001000
060000000000000000000000000000000000000000002430290000000163510001010000000000000000001160608                                                      50001000
060000000000000000000000000000000000000000002430300000000184630001010000000000000000001160608                                                      50001000
060000000000000000000000000000000000000000002430310000000185490001010000000000000000001160508                                                      50001000
060000000000000000000000000000000000000000002430310000000185490001010000000000000000001160608                                                      50001000
060000000000000000000000000000000000000000002430330000000190210001010000000000000000001160608                                                      50001000
060000000000000000000000000000000000000000002430340000000185490001010000000000000000001160608                                                      50001000
060000000000000000000000000000000000000000002430350000000185490001010000000000000000001160608                                                      50001000
060000000000000000000000000000000000000000002430360000000190210001010000000000000000001160608                                                      50001000
060000000000000000000000000000000000000000002430370000000185490001010000000000000000001160608                                                      50001000
060000000000000000000000000000000000000000002430380000000185490001010000000000000000001160608                                                      50001000
060000000000000000000000000000000000000000002430390000000181210001010000000000000000001160608                                                      50001000
060000000000000000000000000000000000000000002430400000000181210001010000000000000000001160608                                                      50001000
060000000000000000000000000000000000000000002430410000000181210001010000000000000000001160608                                                      50001000
060000000000000000000000000000000000000000002430420000000181210001010000000000000000001160608                                                      50001000
060000000000000000000000000000000000000000002430430000001324340001010000000000000000001160608                                                      50001000
060000000000000000000000000000000000000000002430440000000181210001010000000000000000001160608                                                      50001000
060000000000000000000000000000000000000000002430450000000185490001010000000000000000001160608                                                      50001000
060000000000000000000000000000000000000000002430460000000261130001010000000000000000001160608                                                      50001000
060000000000000000000000000000000000000000002430470000000185490001010000000000000000001160608                                                      50001000
060000000000000000000000000000000000000000002430480000000185460001010000000000000000001160608                                                      50001000
060000000000000000000000000000000000000000002430490000000185490001010000000000000000001160608                                                      50001000
060000000000000000000000000000000000000000002430500000000204440001010000000000000000001160608                                                      50001000
060000000000000000000000000000000000000000002430510000000185490001010000000000000000001160608                                                      50001000
060000000000000000000000000000000000000000002430520000000261090001010000000000000000001160608                                                      50001000
060000000000000000000000000000000000000000002430530000000438040001010000000000000000001160608                                                      50001000
060000000000000000000000000000000000000000002430540000000200060001010000000000000000001160608                                                      50001000
060000000000000000000000000000000000000000002430550000000190210001010000000000000000001160608                                                      50001000
060000000000000000000000000000000000000000002430560000000261130001010000000000000000001160608                                                      50001000
060000000000000000000000000000000000000000002430570000000556080001010000000000000000001160608                                                      50001000
060000000000000000000000000000000000000000002430580000000304480001010000000000000000001160608                                                      50001000
060000000000000000000000000000000000000000002430590000000259920001010000000000000000001160608                                                      50001000
060000000000000000000000000000000000000000002430600000000185490001010000000000000000001160608                                                      50001000
060000000000000000000000000000000000000000002430610000000199630001010000000000000000001160608                                                      50001000
060000000000000000000000000000000000000000002430620000000185460001010000000000000000001160608                                                      50001000
060000000000000000000000000000000000000000002430630000000185490001010000000000000000001160608                                                      50001000
060000000000000000000000000000000000000000002430640000000280230001010000000000000000001160608                                                      50001000
060000000000000000000000000000000000000000002430650000000271700001010000000000000000001160608                                                      50001000
060000000000000000000000000000000000000000002430660000000261130001010000000000000000001160608                                                      50001000
060000000000000000000000000000000000000000002430670000000185460001010000000000000000001160608                                                      50001000
060000000000000000000000000000000000000000002430680000000303460001010000000000000000001160608                                                      50001000
060000000000000000000000000000000000000000002430690000000261130001010000000000000000001160608                                                      50001000
060000000000000000000000000000000000000000002430700000000261130001010000000000000000001160608                                                      50001000
060000000000000000000000000000000000000000002430710000000185490001010000000000000000001160608                                                      50001000
060000000000000000000000000000000000000000002430720000000185490001010000000000000000001160608                                                      50001000
060000000000000000000000000000000000000000002430730000000199630001010000000000000000001160608                                                      50001000
060000000000000000000000000000000000000000002430740000000261130001010000000000000000001160608                                                      50001000
060000000000000000000000000000000000000000002430750000000185490001010000000000000000001160608                                                      50001000
060000000000000000000000000000000000000000002430760000000262400001010000000000000000001160608                                                      50001000
060000000000000000000000000000000000000000002430770000000261130001010000000000000000001160608                                                      50001000
060000000000000000000000000000000000000000002430790000000184630001010000000000000000001160608                                                      50001000
060000000000000000000000000000000000000000002430800000000294260001010000000000000000001160608                                                      50001000
060000000000000000000000000000000000000000002430810000000261130001010000000000000000001160608                                                      50001000
060000000000000000000000000000000000000000002430820000000261130001010000000000000000001160608                                                      50001000
060000000000000000000000000000000000000000002430840000000261130001010000000000000000001160608                                                      50001000
060000000000000000000000000000000000000000002430860000000261130001010000000000000000001160608                                                      50001000
060000000000000000000000000000000000000000002430870000000261130001010000000000000000001160608                                                      50001000
060000000000000000000000000000000000000000002430880000005000000001010000000000000000001160608                                                      50001000
060000000000000000000000000000000000000000002430890000000261130001010000000000000000001160608                                                      50001000
060000000000000000000000000000000000000000002430900000000261090001010000000000000000001160608                                                      50001000
060000000000000000000000000000000000000000002430910000000261130001010000000000000000001160608                                                      50001000
060000000000000000000000000000000000000000002430920000000261130001010000000000000000001160608                                                      50001000
060000000000000000000000000000000000000000002430940000000261130001010000000000000000001160608                                                      50001000
060000000000000000000000000000000000000000002430950000000261130001010000000000000000001160608                                                      50001000
060000000000000000000000000000000000000000002430960000000185490001010000000000000000001160608                                                      50001000
060000000000000000000000000000000000000000002430970000000315070001010000000000000000001160608                                                      50001000
060000000000000000000000000000000000000000002430980000000185490001010000000000000000001160608                                                      50001000
060000000000000000000000000000000000000000002431000000000292710001010000000000000000001160608                                                      50001000
060000000000000000000000000000000000000000002431010000000632580001010000000000000000001160608                                                      50001000
060000000000000000000000000000000000000000002431020000000261130001010000000000000000001160608                                                      50001000
060000000000000000000000000000000000000000002431030000001030140001010000000000000000001160608                                                      50001000
060000000000000000000000000000000000000000002431040000000261130001010000000000000000001160608                                                      50001000
060000000000000000000000000000000000000000002431050000000306180001010000000000000000001160608                                                      50001000
060000000000000000000000000000000000000000002431060000000261130001010000000000000000001160608                                                      50001000
060000000000000000000000000000000000000000002431070000000261130001010000000000000000001160608                                                      50001000
060000000000000000000000000000000000000000002431080000000293870001010000000000000000001160608                                                      50001000
060000000000000000000000000000000000000000002431090000000261130001010000000000000000001160608                                                      50001000
060000000000000000000000000000000000000000002431100000000632580001010000000000000000001160608                                                      50001000
060000000000000000000000000000000000000000002431110000000556610001010000000000000000001160608                                                      50001000
060000000000000000000000000000000000000000002431120000000184630001010000000000000000001160608                                                      50001000
060000000000000000000000000000000000000000002431130000000261130001010000000000000000001160608                                                      50001000
060000000000000000000000000000000000000000002431140000000261130001010000000000000000001160608                                                      50001000
060000000000000000000000000000000000000000002431150000000607590001010000000000000000001160608                                                      50001000
060000000000000000000000000000000000000000002431170000000282280001010000000000000000001160608                                                      50001000
060000000000000000000000000000000000000000002431180000000185490001010000000000000000001160608                                                      50001000
060000000000000000000000000000000000000000002431190000000272610001010000000000000000001160608                                                      50001000
060000000000000000000000000000000000000000002431200000000271400001010000000000000000001160608                                                      50001000
060000000000000000000000000000000000000000002431210000000259920001010000000000000000001160608                                                      50001000
060000000000000000000000000000000000000000002431220000000261130001010000000000000000001160608                                                      50001000
060000000000000000000000000000000000000000002431230000000261130001010000000000000000001160608                                                      50001000
060000000000000000000000000000000000000000002431250000000261130001010000000000000000001160608                                                      50001000
060000000000000000000000000000000000000000002431260000000271400001010000000000000000001160608                                                      50001000
060000000000000000000000000000000000000000002431290000000261130001010000000000000000001160608                                                      50001000
060000000000000000000000000000000000000000002431300000000259920001010000000000000000001160608                                                      50001000
060000000000000000000000000000000000000000002431310000000261130001010000000000000000001160608                                                      50001000
060000000000000000000000000000000000000000002431320000000632580001010000000000000000001160608                                                      50001000
060000000000000000000000000000000000000000002431330000000282280001010000000000000000001160608                                                      50001000
060000000000000000000000000000000000000000002431340000000315070001010000000000000000001160608                                                      50001000
060000000000000000000000000000000000000000002431350000000261130001010000000000000000001160608                                                      50001000
060000000000000000000000000000000000000000002431370000000185490001010000000000000000001160608                                                      50001000
060000000000000000000000000000000000000000002431380000000261130001010000000000000000001160608                                                      50001000
060000000000000000000000000000000000000000002431390000000185490001010000000000000000001160608                                                      50001000
060000000000000000000000000000000000000000002431400000000636710001010000000000000000001160608                                                      50001000
060000000000000000000000000000000000000000002431410000000370040001010000000000000000001160608                                                      50001000
060000000000000000000000000000000000000000002431420000000185490001010000000000000000001160608                                                      50001000
060000000000000000000000000000000000000000002431430000000261130001010000000000000000001160608                                                      50001000
060000000000000000000000000000000000000000002431440000000259920001010000000000000000001160608                                                      50001000
060000000000000000000000000000000000000000002431450000000295000001010000000000000000001160608                                                      50001000
060000000000000000000000000000000000000000002431460000000204350001010000000000000000001160608                                                      50001000
060000000000000000000000000000000000000000002431470000000261130001010000000000000000001160608                                                      50001000
060000000000000000000000000000000000000000002431480000000315070001010000000000000000001160608                                                      50001000
060000000000000000000000000000000000000000002431490000000185490001010000000000000000001160608                                                      50001000
060000000000000000000000000000000000000000002431500000000261130001010000000000000000001160608                                                      50001000
060000000000000000000000000000000000000000002431510000000185490001010000000000000000001160608                                                      50001000
060000000000000000000000000000000000000000002431520000000185490001010000000000000000001160608                                                      50001000
060000000000000000000000000000000000000000002431530000000204590001010000000000000000001160608                                                      50001000
060000000000000000000000000000000000000000002431540000000185490001010000000000000000001160608                                                      50001000
060000000000000000000000000000000000000000002431550000000194290001010000000000000000001160608                                                      50001000
060000000000000000000000000000000000000000002431560000000185490001010000000000000000001160608                                                      50001000
060000000000000000000000000000000000000000002431570000000261130001010000000000000000001160608                                                      50001000
060000000000000000000000000000000000000000002431580000000185490001010000000000000000001160608                                                      50001000
060000000000000000000000000000000000000000002431600000000261130001010000000000000000001160608                                                      50001000
060000000000000000000000000000000000000000002431610000000261130001010000000000000000001160608                                                      50001000
060000000000000000000000000000000000000000002431620000000278930001010000000000000000001160608                                                      50001000
060000000000000000000000000000000000000000002431630000000185490001010000000000000000001160608                                                      50001000
060000000000000000000000000000000000000000002431650000000261130001010000000000000000001160608                                                      50001000
060000000000000000000000000000000000000000002431660000000292410001010000000000000000001160608                                                      50001000
060000000000000000000000000000000000000000002431670000000100000001010000000000000000001160608                                                      50001000
060000000000000000000000000000000000000000002431680000000120000001010000000000000000001160608                                                      50001000
060000000000000000000000000000000000000000002431700000000130000001010000000000000000001160608                                                      50001000
060000000000000000000000000000000000000000002431710000000150000001010000000000000000001160608                                                      50001000
060000000000000000000000000000000000000000002431720000000080000001010000000000000000001160608                                                      50001000
060000000000000000000000000000000000000000002431730000000110000001010000000000000000001160608                                                      50001000
060000000000000000000000000000000000000000002431740000000261130001010000000000000000001160608                                                      50001000
060000000000000000000000000000000000000000002431750000000306140001010000000000000000001160608                                                      50001000
060000000000000000000000000000000000000000002431760000000261130001010000000000000000001160608                                                      50001000
060000000000000000000000000000000000000000002431770000000283340001010000000000000000001160608                                                      50001000
060000000000000000000000000000000000000000002431780000000522230001010000000000000000001160608                                                      50001000
060000000000000000000000000000000000000000002431790000000261130001010000000000000000001160608                                                      50001000
060000000000000000000000000000000000000000002431800000000261130001010000000000000000001160608                                                      50001000
060000000000000000000000000000000000000000002431810000000261130001010000000000000000001160608                                                      50001000
060000000000000000000000000000000000000000002431820000000306140001010000000000000000001160608                                                      50001000
060000000000000000000000000000000000000000002431830000000298800001010000000000000000001160608                                                      50001000
060000000000000000000000000000000000000000002431840000000254950001010000000000000000001160608                                                      50001000
060000000000000000000000000000000000000000002431850000000254950001010000000000000000001160608                                                      50001000
060000000000000000000000000000000000000000002431860000000254950001010000000000000000001160608                                                      50001000
060000000000000000000000000000000000000000002431870000000254950001010000000000000000001160608                                                      50001000
060000000000000000000000000000000000000000002431880000000254950001010000000000000000001160608                                                      50001000
060000000000000000000000000000000000000000002431890000000254950001010000000000000000001160608                                                      50001000
060000000000000000000000000000000000000000002431900000000254950001010000000000000000001160608                                                      50001000
060000000000000000000000000000000000000000002431910000000254950001010000000000000000001160608                                                      50001000
060000000000000000000000000000000000000000002431920000000254950001010000000000000000001160608                                                      50001000
060000000000000000000000000000000000000000002431930000000261130001010000000000000000001160608                                                      50001000
060000000000000000000000000000000000000000002431940000000261130001010000000000000000001160608                                                      50001000
060000000000000000000000000000000000000000002431950000000315070001010000000000000000001160608                                                      50001000
060000000000000000000000000000000000000000002431960000000185490001010000000000000000001160608                                                      50001000
060000000000000000000000000000000000000000002431970000000315070001010000000000000000001160608                                                      50001000
060000000000000000000000000000000000000000002431990000000185490001010000000000000000001160608                                                      50001000
060000000000000000000000000000000000000000002432000000000272310001010000000000000000001160608                                                      50001000
060000000000000000000000000000000000000000002432010000000293860001010000000000000000001160608                                                      50001000
060000000000000000000000000000000000000000002432020000000261130001010000000000000000001160608                                                      50001000
060000000000000000000000000000000000000000002432030000000261130001010000000000000000001160608                                                      50001000
060000000000000000000000000000000000000000002432040000000185490001010000000000000000001160608                                                      50001000
060000000000000000000000000000000000000000002432050000000261130001010000000000000000001160608                                                      50001000
060000000000000000000000000000000000000000002432060000000294660001010000000000000000001160608                                                      50001000
060000000000000000000000000000000000000000002432070000000150000001010000000000000000001160608                                                      50001000
060000000000000000000000000000000000000000002432080000000261130001010000000000000000001160608                                                      50001000
060000000000000000000000000000000000000000002432090000000185490001010000000000000000001160608                                                      50001000
060000000000000000000000000000000000000000002432100000000195210001010000000000000000001160608                                                      50001000
060000000000000000000000000000000000000000002432110000000185490001010000000000000000001160608                                                      50001000
060000000000000000000000000000000000000000002432120000000185490001010000000000000000001160608                                                      50001000
060000000000000000000000000000000000000000002432130000000185490001010000000000000000001160608                                                      50001000
060000000000000000000000000000000000000000002432140000000261130001010000000000000000001160608                                                      50001000
060000000000000000000000000000000000000000002432150000000190210001010000000000000000001160608                                                      50001000
060000000000000000000000000000000000000000002432160000000185490001010000000000000000001160608                                                      50001000
060000000000000000000000000000000000000000002432170000000196750001010000000000000000001160608                                                      50001000
060000000000000000000000000000000000000000002432190000000185490001010000000000000000001160608                                                      50001000
060000000000000000000000000000000000000000002432200000000185490001010000000000000000001160608                                                      50001000
060000000000000000000000000000000000000000002432210000000185490001010000000000000000001160608                                                      50001000
060000000000000000000000000000000000000000002432220000000185490001010000000000000000001160608                                                      50001000
060000000000000000000000000000000000000000002432230000000185490001010000000000000000001160608                                                      50001000
060000000000000000000000000000000000000000002432240000000272610001010000000000000000001160608                                                      50001000
080000000200000000000280000001