80002127300000822000268900000000
0200002406040000000000000000000000000000000254950022121400000011
0200002406040000000000000000000000000000000254950022121400000011
0200002406060000000000000000000000000000000254950022121400000011
0200002406070000000000000000000000000000000261130022121400000011
0200002406080000000000000000000000000000000185490022121400000011
0200002406090000000000000000000000000000000254950022121400000011
0200002406100000000000000000000000000000000181210022121400000011
0200002406110000000000000000000000000000000254950022121400000011
0200002406120000000000000000000000000000000254950022121400000011
0200002406130000000000000000000000000000000254950022121400000011
0200002406140000000000000000000000000000000254950022121400000011
0200002406150000000000000000000000000000000254950022121400000011
0200002406160000000000000000000000000000000181210022121400000011
0200002406170000000000000000000000000000000181210022121400000011
0200002406180000000000000000000000000000000265260022121400000011
0200002406190000000000000000000000000000000283510022121400000011
0200002406200000000000000000000000000000000261130022121400000011
0200002406200000000000000000000000000000001143620022121400000011
0200002406220000000000000000000000000000000254950022121400000011
0200002406230000000000000000000000000000000254950022121400000011
0200002406240000000000000000000000000000000154000022121400000011
0200002406250000000000000000000000000000000252270022121400000011
0200002406260000000000000000000000000000000254950022121400000011
0200002406270000000000000000000000000000000254950022121400000011
0200002406280000000000000000000000000000000287000022121400000011
0200002406290000000000000000000000000000000254950022121400000011
0200002406300000000000000000000000000000000254950022121400000011
0200002406310000000000000000000000000000000575170022121400000011
0200002406320000000000000000000000000000000254950022121400000011
0200002406330000000000000000000000000000000255040022121400000011
0200002406340000000000000000000000000000000254950022121400000011
0200002406350000000000000000000000000000000254950022121400000011
0200002406360000000000000000000000000000000254950022121400000011
0200002406370000000000000000000000000000000256190022121400000011
0200002406380000000000000000000000000000000254950022121400000011
0200002406390000000000000000000000000000000254950022121400000011
0200002406400000000000000000000000000000000276110022121400000011
0200002406410000000000000000000000000000000254950022121400000011
0200002406420000000000000000000000000000003592860022121400000011
0200002406430000000000000000000000000000000254950022121400000011
0200002406440000000000000000000000000000000254950022121400000011
0200002406450000000000000000000000000000000254950022121400000011
0200002406460000000000000000000000000000000254950022121400000011
0200002406470000000000000000000000000000000254950022121400000011
0200002406480000000000000000000000000000000254950022121400000011
0200002406490000000000000000000000000000000254950022121400000011
0200002406500000000000000000000000000000000254950022121400000011
0200002406510000000000000000000000000000000254950022121400000011
0200002406520000000000000000000000000000000254950022121400000011
0200002406530000000000000000000000000000000254950022121400000011
0200002406540000000000000000000000000000000254950022121400000011
0200002406550000000000000000000000000000000265300022121400000011
0200002406560000000000000000000000000000000265530022121400000011
0200002406570000000000000000000000000000000190640022121400000011
0200002406580000000000000000000000000000000181210022121400000011
0200002406590000000000000000000000000000000254950022121400000011
0200002406600000000000000000000000000000003540980022121400000011
0200002406610000000000000000000000000000000317350022121400000011
0200002406620000000000000000000000000000000254950022121400000011
0200002406630000000000000000000000000000000254950022121400000011
0200002406640000000000000000000000000000000254950022121400000011
0200002406650000000000000000000000000000000254950022121400000011
0200002406660000000000000000000000000000000254950022121400000011
0200002406670000000000000000000000000000000254950022121400000011
0200002406680000000000000000000000000000000265520022121400000011
0200002406690000000000000000000000000000000254950022121400000011
0200002406700000000000000000000000000000000254950022121400000011
0200002406710000000000000000000000000000000254950022121400000011
0200002406720000000000000000000000000000000286450022121400000011
0200002406730000000000000000000000000000000254950022121400000011
0200002406740000000000000000000000000000000261130022121400000011
0200002406750000000000000000000000000000000261130022121400000011
0200002406760000000000000000000000000000000254950022121400000011
0200002406770000000000000000000000000000000185960022121400000011
0200002406780000000000000000000000000000000594340022121400000011
0200002406790000000000000000000000000000000254950022121400000011
0200002406790000000000000000000000000000000254950022121400000011
0200002406810000000000000000000000000000000276110022121400000011
0200002406820000000000000000000000000000000254950022121400000011
0200002406840000000000000000000000000000000182970022121400000011
0200002406860000000000000000000000000000000254950022121400000011
0200002406870000000000000000000000000000000254950022121400000011
0200002406880000000000000000000000000000000254950022121400000011
0200002406890000000000000000000000000000000272610022121400000011
0200002406900000000000000000000000000000000254950022121400000011
0200002406910000000000000000000000000000000254950022121400000011
0200002406920000000000000000000000000000000254950022121400000011
0200002406930000000000000000000000000000000254950022121400000011
0200002406950000000000000000000000000000000254950022121400000011
0200002406960000000000000000000000000000000266130022121400000011
0200002406970000000000000000000000000000000254950022121400000011
0200002406980000000000000000000000000000000254950022121400000011
0200002406990000000000000000000000000000000266130022121400000011
0200002407000000000000000000000000000000000308320022121400000011
0200002407010000000000000000000000000000000275890022121400000011
0200002407030000000000000000000000000000000254950022121400000011
0200002407030000000000000000000000000000000254950022121400000011
0200002407040000000000000000000000000000000285970022121400000011
0200002407050000000000000000000000000000000509810022121400000011
0200002407060000000000000000000000000000000254950022121400000011
0900000000200000000000004600000000261130000
