01822000268920211221001 202112211837A00
0577099980136120001
060000000000000000000000000000000000000000001972940000000150000001010000000000000000001085859                                                      50001000
060000000000000000000000000000000000000000001972950000000100000001010000000000000000002100414                                                      50001000
060000000000000000000000000000000000000000001972960000000120000001010000000000000000002100414                                                      50001000
060000000000000000000000000000000000000000001972970000000130000001010000000000000000002100414                                                      50001000
060000000000000000000000000000000000000000001973070000000150000001010000000000000000002100414                                                      50001000
060000000000000000000000000000000000000000001973080000000100000001010000000000000000002100414                                                      50001000
060000000000000000000000000000000000000000001973090000000140000001010000000000000000002100414                                                      50001000
060000000000000000000000000000000000000000001973100000000130000001010000000000000000002100414                                                      50001000
060000000000000000000000000000000000000000001973110000000120000001010000000000000000002100414                                                      50001000
080000000200000000000280000001
080000000200000000000280000001