01822000268920221220001 202212200837A00
0577099980136120001
060000000000000000000000000000000000000000002428590000000261130001010000000000000000001160608                                                      50001000
060000000000000000000000000000000000000000002428600000000474610001010000000000000000001160608                                                      50001000
060000000000000000000000000000000000000000002428610000000261130001010000000000000000001160608                                                      50001000
060000000000000000000000000000000000000000002428620000000261130001010000000000000000001160608                                                      50001000
060000000000000000000000000000000000000000002428630000000261130001010000000000000000001160608                                                      50001000
060000000000000000000000000000000000000000002428640000000261130001010000000000000000001160608                                                      50001000
060000000000000000000000000000000000000000002428650000000261130001010000000000000000001160608                                                      50001000
060000000000000000000000000000000000000000002428660000000261130001010000000000000000001160608                                                      50001000
060000000000000000000000000000000000000000002428670000000306140001010000000000000000001160608                                                      50001000
060000000000000000000000000000000000000000002428680000000261130001010000000000000000001160608                                                      50001000
060000000000000000000000000000000000000000002428690000000261130001010000000000000000001160608                                                      50001000
060000000000000000000000000000000000000000002428700000000261130001010000000000000000001160608                                                      50001000
060000000000000000000000000000000000000000002428710000000261130001010000000000000000001160608                                                      50001000
060000000000000000000000000000000000000000002428720000000282340001010000000000000000001160608                                                      50001000
060000000000000000000000000000000000000000002428730000000271700001010000000000000000001160608                                                      50001000
060000000000000000000000000000000000000000002428740000000271700001010000000000000000001160608                                                      50001000
060000000000000000000000000000000000000000002428750000000261130001010000000000000000001160608                                                      50001000
060000000000000000000000000000000000000000002428760000000271710001010000000000000000001160608                                                      50001000
060000000000000000000000000000000000000000002428770000000261130001010000000000000000001160608                                                      50001000
060000000000000000000000000000000000000000002428780000000261130001010000000000000000001160608                                                      50001000
060000000000000000000000000000000000000000002428790000000261130001010000000000000000001160608                                                      50001000
060000000000000000000000000000000000000000002428800000000270610001010000000000000000001160608                                                      50001000
060000000000000000000000000000000000000000002428810000000261130001010000000000000000001160608                                                      50001000
060000000000000000000000000000000000000000002428820000000261130001010000000000000000001160608                                                      50001000
060000000000000000000000000000000000000000002428830000000261130001010000000000000000001160608                                                      50001000
060000000000000000000000000000000000000000002428840000000261130001010000000000000000001160608                                                      50001000
060000000000000000000000000000000000000000002428850000000261130001010000000000000000001160608                                                      50001000
060000000000000000000000000000000000000000002428860000000260810001010000000000000000001160608                                                      50001000
060000000000000000000000000000000000000000002428870000000271760001010000000000000000001160608                                                      50001000
060000000000000000000000000000000000000000002428880000000271700001010000000000000000001160608                                                      50001000
060000000000000000000000000000000000000000002428890000000261130001010000000000000000001160608                                                      50001000
060000000000000000000000000000000000000000002428900000000261130001010000000000000000001160608                                                      50001000
060000000000000000000000000000000000000000002428910000000271710001010000000000000000001160608                                                      50001000
060000000000000000000000000000000000000000002428920000000261130001010000000000000000001160608                                                      50001000
060000000000000000000000000000000000000000002428930000000261130001010000000000000000001160608                                                      50001000
060000000000000000000000000000000000000000002428940000000261130001010000000000000000001160608                                                      50001000
060000000000000000000000000000000000000000002428950000000261130001010000000000000000001160608                                                      50001000
060000000000000000000000000000000000000000002428960000000315070001010000000000000000001160608                                                      50001000
060000000000000000000000000000000000000000002428970000000261130001010000000000000000001160608                                                      50001000
060000000000000000000000000000000000000000002428980000000282280001010000000000000000001160608                                                      50001000
060000000000000000000000000000000000000000002428990000000261130001010000000000000000001160608                                                      50001000
060000000000000000000000000000000000000000002429000000000185490001010000000000000000001160608                                                      50001000
060000000000000000000000000000000000000000002429010000000190350001010000000000000000001160608                                                      50001000
060000000000000000000000000000000000000000002429020000000261130001010000000000000000001160608                                                      50001000
060000000000000000000000000000000000000000002429030000000261130001010000000000000000001160608                                                      50001000
060000000000000000000000000000000000000000002429040000000261130001010000000000000000001160608                                                      50001000
060000000000000000000000000000000000000000002429050000000261130001010000000000000000001160608                                                      50001000
060000000000000000000000000000000000000000002429070000000261130001010000000000000000001160608                                                      50001000
060000000000000000000000000000000000000000002429080000000272610001010000000000000000001160608                                                      50001000
060000000000000000000000000000000000000000002429090000000522230001010000000000000000001160608                                                      50001000
060000000000000000000000000000000000000000002429100000000261130001010000000000000000001160608                                                      50001000
060000000000000000000000000000000000000000002429110000000261130001010000000000000000001160608                                                      50001000
060000000000000000000000000000000000000000002429120000000261130001010000000000000000001160608                                                      50001000
060000000000000000000000000000000000000000002429130000000261130001010000000000000000001160608                                                      50001000
060000000000000000000000000000000000000000002429140000000261130001010000000000000000001160608                                                      50001000
060000000000000000000000000000000000000000002429150000000181210001010000000000000000001160608                                                      50001000
060000000000000000000000000000000000000000002429160000000261890001010000000000000000001160608                                                      50001000
060000000000000000000000000000000000000000002429170000000286670001010000000000000000001160608                                                      50001000
060000000000000000000000000000000000000000002429180000000261130001010000000000000000001160608                                                      50001000
060000000000000000000000000000000000000000002429190000000261130001010000000000000000001160608                                                      50001000
060000000000000000000000000000000000000000002429200000000276820001010000000000000000001160608                                                      50001000
060000000000000000000000000000000000000000002429210000000260220001010000000000000000001160608                                                      50001000
060000000000000000000000000000000000000000002429220000000261130001010000000000000000001160608                                                      50001000
060000000000000000000000000000000000000000002429230000000261130001010000000000000000001160608                                                      50001000
060000000000000000000000000000000000000000002429240000000261130001010000000000000000001160608                                                      50001000
060000000000000000000000000000000000000000002429250000000271710001010000000000000000001160608                                                      50001000
060000000000000000000000000000000000000000002429260000000261130001010000000000000000001160608                                                      50001000
060000000000000000000000000000000000000000002429270000000261130001010000000000000000001160608                                                      50001000
060000000000000000000000000000000000000000002429280000000181630001010000000000000000001160608                                                      50001000
060000000000000000000000000000000000000000002429290000000261130001010000000000000000001160608                                                      50001000
060000000000000000000000000000000000000000002429300000000261130001010000000000000000001160608                                                      50001000
060000000000000000000000000000000000000000002429310000000261130001010000000000000000001160608                                                      50001000
060000000000000000000000000000000000000000002429320000000224240001010000000000000000001160608                                                      50001000
060000000000000000000000000000000000000000002429330000000224240001010000000000000000001160608                                                      50001000
060000000000000000000000000000000000000000002429340000000245630001010000000000000000001160608                                                      50001000
060000000000000000000000000000000000000000002429350000000252760001010000000000000000001160608                                                      50001000
060000000000000000000000000000000000000000002429360000000224240001010000000000000000001160608                                                      50001000
060000000000000000000000000000000000000000002429370000000224240001010000000000000000001160608                                                      50001000
060000000000000000000000000000000000000000002429380000000224240001010000000000000000001160608                                                      50001000
060000000000000000000000000000000000000000002429390000000698890001010000000000000000001160608                                                      50001000
060000000000000000000000000000000000000000002429400000000224240001010000000000000000001160608                                                      50001000
060000000000000000000000000000000000000000002429410000000224240001010000000000000000001160608                                                      50001000
060000000000000000000000000000000000000000002429420000000224240001010000000000000000001160608                                                      50001000
060000000000000000000000000000000000000000002429430000000224240001010000000000000000001160608                                                      50001000
060000000000000000000000000000000000000000002429440000000224240001010000000000000000001160608                                                      50001000
060000000000000000000000000000000000000000002429450000000224240001010000000000000000001160608                                                      50001000
060000000000000000000000000000000000000000002429460000000224240001010000000000000000001160608                                                      50001000
060000000000000000000000000000000000000000002429470000000224240001010000000000000000001160608                                                      50001000
060000000000000000000000000000000000000000002429480000000224240001010000000000000000001160608                                                      50001000
060000000000000000000000000000000000000000002429490000000224240001010000000000000000001160608                                                      50001000
060000000000000000000000000000000000000000002429500000000271410001010000000000000000001160608                                                      50001000
060000000000000000000000000000000000000000002429510000000466040001010000000000000000001160608                                                      50001000
060000000000000000000000000000000000000000002429520000000243100001010000000000000000001160608                                                      50001000
060000000000000000000000000000000000000000002429530000000224240001010000000000000000001160608                                                      50001000
060000000000000000000000000000000000000000002429540000000224240001010000000000000000001160608                                                      50001000
060000000000000000000000000000000000000000002429550000000224240001010000000000000000001160608                                                      50001000
060000000000000000000000000000000000000000002429560000000683350001010000000000000000001160608                                                      50001000
060000000000000000000000000000000000000000002429570000000252100001010000000000000000001160608                                                      50001000
060000000000000000000000000000000000000000002429580000000224240001010000000000000000001160608                                                      50001000
060000000000000000000000000000000000000000002429590000000224240001010000000000000000001160608                                                      50001000
060000000000000000000000000000000000000000002429600000000224240001010000000000000000001160608                                                      50001000
060000000000000000000000000000000000000000002429610000000224240001010000000000000000001160608                                                      50001000
060000000000000000000000000000000000000000002429620000000224240001010000000000000000001160608                                                      50001000
060000000000000000000000000000000000000000002429630000000224240001010000000000000000001160608                                                      50001000
060000000000000000000000000000000000000000002429640000000272050001010000000000000000001160608                                                      50001000
060000000000000000000000000000000000000000002429650000000262560001010000000000000000001160608                                                      50001000
060000000000000000000000000000000000000000002429660000000224240001010000000000000000001160608                                                      50001000
060000000000000000000000000000000000000000002429670000000224240001010000000000000000001160608                                                      50001000
060000000000000000000000000000000000000000002429680000000224240001010000000000000000001160608                                                      50001000
060000000000000000000000000000000000000000002429690000000224240001010000000000000000001160608                                                      50001000
060000000000000000000000000000000000000000002429700000000242210001010000000000000000001160608                                                      50001000
060000000000000000000000000000000000000000002429710000000224240001010000000000000000001160608                                                      50001000
060000000000000000000000000000000000000000002429720000000224240001010000000000000000001160608                                                      50001000
060000000000000000000000000000000000000000002429730000000241290001010000000000000000001160608                                                      50001000
060000000000000000000000000000000000000000002429740000000224240001010000000000000000001160608                                                      50001000
060000000000000000000000000000000000000000002429750000000224240001010000000000000000001160608                                                      50001000
060000000000000000000000000000000000000000002429760000000448090001010000000000000000001160608                                                      50001000
060000000000000000000000000000000000000000002429770000000224240001010000000000000000001160608                                                      50001000
060000000000000000000000000000000000000000002429780000000224240001010000000000000000001160608                                                      50001000
060000000000000000000000000000000000000000002429790000000224240001010000000000000000001160608                                                      50001000
080000000200000000000280000001
080000000200000000000280000001