0182200026892022120100100000000636332843202212010732A02                                                                                                           
0577099980136120001                                                                                                                                               
0600000000000000000000000000000000000000000019571700000003788700010100000000000099901980000002                                                                    
0600000000000000000000000000000000000000000019571800000003928500010100000000000099906680000003                                                                    
0600000000000000000000000000000000000000000019571900000003887300010100000000000099906680000004                                                                    
0600000000000000000000000000000000000000000019572000000003887300010100000000000099906680000005                                                                    
0600000000000000000000000000000000000000000019572100000003788700010100000000000099906680000006                                                                    
0600000000000000000000000000000000000000000019572200000003741600010100000000000099906680000007                                                                    
0600000000000000000000000000000000000000000019572300000003741600010100000000000099906680000008                                                                    
0600000000000000000000000000000000000000000019572400000001886700010100000000000099906680000009                                                                    
0600000000000000000000000000000000000000000019572500000001886700010100000000000099906680000010                                                                    
0600000000000000000000000000000000000000000019572600000026096700010100000000000099906680000011                                                                    
0600000000000000000000000000000000000000000019572700000013810100010100000000000099906680000012                                                                    
0600000000000000000000000000000000000000000019572800000010036800010100000000000099906680000013                                                                    
0600000000000000000000000000000000000000000019572900000003835900010100000000000099906680000014                                                                    
0600000000000000000000000000000000000000000019573000000003680900010100000000000099906680000015                                                                    
0600000000000000000000000000000000000000000019573100000003883000010100000000000099906680000016                                                                    
0600000000000000000000000000000000000000000019573200000003741600010100000000000099906680000017                                                                    
0600000000000000000000000000000000000000000019573300000003338500010100000000000099906680000018                                                                    
0600000000000000000000000000000000000000000019573400000003297100010100000000000099906680000019                                                                    
0600000000000000000000000000000000000000000019573500000003223400010100000000000099906680000020                                                                    
0600000000000000000000000000000000000000000019573600000003223400010100000000000099906680000021                                                                    
0600000000000000000000000000000000000000000019573700000003469000010100000000000099906680000022                                                                    
0600000000000000000000000000000000000000000019573800000003985400010100000000000099906680000023                                                                    
0600000000000000000000000000000000000000000019573900000003787300010100000000000099906680000024                                                                    
0600000000000000000000000000000000000000000019574000000003741600010100000000000099906680000025                                                                    
0600000000000000000000000000000000000000000019574100000003338700010100000000000099906680000026                                                                    
0600000000000000000000000000000000000000000019574200000003741600010100000000000099906680000027                                                                    
0600000000000000000000000000000000000000000019574300000003741600010100000000000099906680000028                                                                    
0600000000000000000000000000000000000000000019574400000001886700010100000000000099906680000029                                                                    
0600000000000000000000000000000000000000000019574500000001886700010100000000000099906680000030                                                                    
0600000000000000000000000000000000000000000019574600000003741600010100000000000099906680000031                                                                    
0600000000000000000000000000000000000000000019574700000003741600010100000000000099906680000032                                                                    
0600000000000000000000000000000000000000000019574800000003788800010100000000000099906680000033                                                                    
0600000000000000000000000000000000000000000019574900000003741600010100000000000099906680000034                                                                    
0600000000000000000000000000000000000000000019575000000003741600010100000000000099906680000035                                                                    
0600000000000000000000000000000000000000000019575100000003741600010100000000000099906680000036                                                                    
0600000000000000000000000000000000000000000019575200000003741600010100000000000099906680000037                                                                    
080000000360000000001645215000001                                                                                                                                 
09000000036000000000164521500                                                                                                                                     
