01822000268920230215001                 20230215   0A00
0577099980136120001
060000000000000000000000000000000000000000004428290000000166200001010000000000000000001160608                                                      50001000
060000000000000000000000000000000000000000004428780000000162430001010000000000000000001160608                                                      50001000
060000000000000000000000000000000000000000004430010000000188670001010000000000000000001160608                                                      50001000
060000000000000000000000000000000000000000004430020000000162430001010000000000000000001160608                                                      50001000
060000000000000000000000000000000000000000004430200000000162430001010000000000000000001160608                                                      50001000
060000000000000000000000000000000000000000004430680000000166200001010000000000000000001160608                                                      50001000
060000000000000000000000000000000000000000004431120000000166200001010000000000000000001160608                                                      50001000
060000000000000000000000000000000000000000004431590000000162430001010000000000000000001160608                                                      50001000
060000000000000000000000000000000000000000004432060000000184190001010000000000000000001160608                                                      50001000
060000000000000000000000000000000000000000004432620000000265680001010000000000000000001160608                                                      50001000
060000000000000000000000000000000000000000004433480000000188670001010000000000000000001160608                                                      50001000
060000000000000000000000000000000000000000004433710000000395900001010000000000000000001160608                                                      50001000
060000000000000000000000000000000000000000004434180000000265680001010000000000000000001160608                                                      50001000
060000000000000000000000000000000000000000004434220000000166200001010000000000000000001160608                                                      50001000
060000000000000000000000000000000000000000004434310000000648840001010000000000000000001160608                                                      50001000
060000000000000000000000000000000000000000004434430000000648840001010000000000000000001160608                                                      50001000
060000000000000000000000000000000000000000004434560000000162430001010000000000000000001160608                                                      50001000
060000000000000000000000000000000000000000004435700000000166200001010000000000000000001160608                                                      50001000
060000000000000000000000000000000000000000004435960000000265680001010000000000000000001160608                                                      50001000
060000000000000000000000000000000000000000004436150000002936370001010000000000000000001160608                                                      50001000
060000000000000000000000000000000000000000004436860000000188670001010000000000000000001160608                                                      50001000
060000000000000000000000000000000000000000004437060000000188670001010000000000000000001160608                                                      50001000
060000000000000000000000000000000000000000004437290000000166200001010000000000000000001160608                                                      50001000
060000000000000000000000000000000000000000004437330000000184190001010000000000000000001160608                                                      50001000
060000000000000000000000000000000000000000004437420000000166200001010000000000000000001160608                                                      50001000
060000000000000000000000000000000000000000004437830000000166200001010000000000000000001160608                                                      50001000
060000000000000000000000000000000000000000004438290000001581750001010000000000000000001160608                                                      50001000
060000000000000000000000000000000000000000004438380000000184190001010000000000000000001160608                                                      50001000
060000000000000000000000000000000000000000004440080000000166200001010000000000000000001160608                                                      50001000
060000000000000000000000000000000000000000004441000000000166200001010000000000000000001160608                                                      50001000
060000000000000000000000000000000000000000004441220000000166200001010000000000000000001160608                                                      50001000
060000000000000000000000000000000000000000004441360000000166200001010000000000000000001160608                                                      50001000
060000000000000000000000000000000000000000004442320000000265680001010000000000000000001160608                                                      50001000
060000000000000000000000000000000000000000004442620000000184190001010000000000000000001160608                                                      50001000
060000000000000000000000000000000000000000004442930000000103830001010000000000000000001160608                                                      50001000
060000000000000000000000000000000000000000004443530000000162430001010000000000000000001160608                                                      50001000
060000000000000000000000000000000000000000004443540000000265680001010000000000000000001160608                                                      50001000
060000000000000000000000000000000000000000004443940000000265680001010000000000000000001160608                                                      50001000
060000000000000000000000000000000000000000004443950000000265680001010000000000000000001160608                                                      50001000
060000000000000000000000000000000000000000004444300000000184190001010000000000000000001160608                                                      50001000
060000000000000000000000000000000000000000004444550000000162430001010000000000000000001160608                                                      50001000
060000000000000000000000000000000000000000004444560000000184190001010000000000000000001160608                                                      50001000
060000000000000000000000000000000000000000004444670000000966340001010000000000000000001160608                                                      50001000
060000000000000000000000000000000000000000004445130000000184190001010000000000000000001160608                                                      50001000
060000000000000000000000000000000000000000004445450000000162430001010000000000000000001160608                                                      50001000
060000000000000000000000000000000000000000004445730000000184190001010000000000000000001160608                                                      50001000
060000000000000000000000000000000000000000004447090000000265680001010000000000000000001160608                                                      50001000
060000000000000000000000000000000000000000004447770000000166200001010000000000000000001160608                                                      50001000
060000000000000000000000000000000000000000004447840000000166200001010000000000000000001160608                                                      50001000
060000000000000000000000000000000000000000004448040000000188670001010000000000000000001160608                                                      50001000
060000000000000000000000000000000000000000004448570000000162430001010000000000000000001160608                                                      50001000
060000000000000000000000000000000000000000004449330000000166200001010000000000000000001160608                                                      50001000
060000000000000000000000000000000000000000004449830000000162430001010000000000000000001160608                                                      50001000
060000000000000000000000000000000000000000004449860000000166200001010000000000000000001160608                                                      50001000
060000000000000000000000000000000000000000004449920000000265680001010000000000000000001160608                                                      50001000
060000000000000000000000000000000000000000004450210000000188670001010000000000000000001160608                                                      50001000
060000000000000000000000000000000000000000004450240000000166200001010000000000000000001160608                                                      50001000
060000000000000000000000000000000000000000004450780000000166200001010000000000000000001160608                                                      50001000
060000000000000000000000000000000000000000004450860000000188670001010000000000000000001160608                                                      50001000
060000000000000000000000000000000000000000004451390000000162430001010000000000000000001160608                                                      50001000
060000000000000000000000000000000000000000004451920000000648840001010000000000000000001160608                                                      50001000
060000000000000000000000000000000000000000004452020000000188670001010000000000000000001160608                                                      50001000
060000000000000000000000000000000000000000004452070000000255590001010000000000000000001160608                                                      50001000
060000000000000000000000000000000000000000004452580000000162430001010000000000000000001160608                                                      50001000
060000000000000000000000000000000000000000004452870000000188670001010000000000000000001160608                                                      50001000
060000000000000000000000000000000000000000004453060000000162430001010000000000000000001160608                                                      50001000
060000000000000000000000000000000000000000004454060000000184190001010000000000000000001160608                                                      50001000
060000000000000000000000000000000000000000004454170000000166200001010000000000000000001160608                                                      50001000
060000000000000000000000000000000000000000004454810000000166200001010000000000000000001160608                                                      50001000
060000000000000000000000000000000000000000004454890000000162430001010000000000000000001160608                                                      50001000
060000000000000000000000000000000000000000004455360000000188670001010000000000000000001160608                                                      50001000
060000000000000000000000000000000000000000004455740000000162430001010000000000000000001160608                                                      50001000
060000000000000000000000000000000000000000004455980000000188670001010000000000000000001160608                                                      50001000
060000000000000000000000000000000000000000004456060000000166200001010000000000000000001160608                                                      50001000
060000000000000000000000000000000000000000004456120000000184190001010000000000000000001160608                                                      50001000
060000000000000000000000000000000000000000004456190000000162430001010000000000000000001160608                                                      50001000
060000000000000000000000000000000000000000004456280000000166200001010000000000000000001160608                                                      50001000
060000000000000000000000000000000000000000004456710000000184190001010000000000000000001160608                                                      50001000
060000000000000000000000000000000000000000004457250000000166200001010000000000000000001160608                                                      50001000
060000000000000000000000000000000000000000004457680000000188670001010000000000000000001160608                                                      50001000
060000000000000000000000000000000000000000004457820000000166200001010000000000000000001160608                                                      50001000
060000000000000000000000000000000000000000004457890000000166200001010000000000000000001160608                                                      50001000
060000000000000000000000000000000000000000004457900000000188670001010000000000000000001160608                                                      50001000
060000000000000000000000000000000000000000004458770000000648840001010000000000000000001160608                                                      50001000
060000000000000000000000000000000000000000004459030000000184190001010000000000000000001160608                                                      50001000
060000000000000000000000000000000000000000004459040000000265680001010000000000000000001160608                                                      50001000
060000000000000000000000000000000000000000004459510000001656740001010000000000000000001160608                                                      50001000
060000000000000000000000000000000000000000004459550000000166200001010000000000000000001160608                                                      50001000
060000000000000000000000000000000000000000004459660000000188670001010000000000000000001160608                                                      50001000
060000000000000000000000000000000000000000004459920000000184190001010000000000000000001160608                                                      50001000
060000000000000000000000000000000000000000004460040000000166200001010000000000000000001160608                                                      50001000
060000000000000000000000000000000000000000004460050000000166200001010000000000000000001160608                                                      50001000
060000000000000000000000000000000000000000004460560000000162430001010000000000000000001160608                                                      50001000
060000000000000000000000000000000000000000004460850000000166200001010000000000000000001160608                                                      50001000
060000000000000000000000000000000000000000004460910000000166200001010000000000000000001160608                                                      50001000
060000000000000000000000000000000000000000004460950000000188670001010000000000000000001160608                                                      50001000
060000000000000000000000000000000000000000004461080000000162430001010000000000000000001160608                                                      50001000
060000000000000000000000000000000000000000004461160000000162430001010000000000000000001160608                                                      50001000
060000000000000000000000000000000000000000004461220000000188670001010000000000000000001160608                                                      50001000
060000000000000000000000000000000000000000004461260000000184190001010000000000000000001160608                                                      50001000
080000000200000000000280000001