80002127300000822000268900000000
0200002415720000000000000000000000000000000163510022121400000001
0200002415740000000000000000000000000000000261130022121400000001
0200002415740000000000000000000000000000000261090022121400000001
0200002415760000000000000000000000000000000293640022121400000001
0200002415770000000000000000000000000000000261130022121400000001
0200002415780000000000000000000000000000000261130022121400000001
0200002415790000000000000000000000000000000185490022121400000001
0200002415800000000000000000000000000000000261130022121400000001
0200002415820000000000000000000000000000000185460022121400000001
0200002415820000000000000000000000000000000261130022121400000001
0200002415830000000000000000000000000000000261130022121400000001
0200002415840000000000000000000000000000000163510022121400000001
0200002415850000000000000000000000000000000162710022121400000001
0200002415860000000000000000000000000000000162710022121400000001
0200002415870000000000000000000000000000000195210022121400000001
0200002415880000000000000000000000000000000163510022121400000001
0200002415890000000000000000000000000000000185490022121400000001
0200002415900000000000000000000000000000000270490022121400000001
0200002415910000000000000000000000000000000184630022121400000001
0200002415920000000000000000000000000000000185490022121400000001
0200002415930000000000000000000000000000000271710022121400000001
0200002415940000000000000000000000000000000185460022121400000001
0200002415950000000000000000000000000000000185490022121400000001
0200002415960000000000000000000000000000000185490022121400000001
0200002415970000000000000000000000000000000185490022121400000001
0200002415980000000000000000000000000000000163510022121400000001
0200002415990000000000000000000000000000000163480022121400000001
0200002416010000000000000000000000000000000283340022121400000001
0200002416020000000000000000000000000000000261090022121400000001
0200002416030000000000000000000000000000000261130022121400000001
0200002416050000000000000000000000000000000185490022121400000001
0200002416060000000000000000000000000000000209840022121400000001
0200002416070000000000000000000000000000000199630022121400000001
0200002416080000000000000000000000000000000185490022121400000001
0200002416090000000000000000000000000000000270490022121400000001
0200002416100000000000000000000000000000000261130022121400000001
0200002416110000000000000000000000000000000261090022121400000001
0200002416120000000000000000000000000000000271710022121400000001
0200002416130000000000000000000000000000000185490022121400000001
0200002416140000000000000000000000000000000261130022121400000001
0200002416150000000000000000000000000000000261130022121400000001
0200002416160000000000000000000000000000000184630022121400000001
0200002416170000000000000000000000000000000261130022121400000001
0200002416180000000000000000000000000000000261130022121400000001
0200002416190000000000000000000000000000000632580022121400000001
0200002416200000000000000000000000000000000272610022121400000001
0200002416210000000000000000000000000000000261130022121400000001
0200002416220000000000000000000000000000000304440022121400000001
0200002416230000000000000000000000000000000261130022121400000001
0200002416240000000000000000000000000000000306180022121400000001
0200002416250000000000000000000000000000000259920022121400000001
0200002416260000000000000000000000000000000261130022121400000001
0200002416270000000000000000000000000000000271710022121400000001
0200002416280000000000000000000000000000000261130022121400000001
0200002416290000000000000000000000000000000185490022121400000001
0200002416300000000000000000000000000000000261130022121400000001
0200002416310000000000000000000000000000000261130022121400000001
0200002416320000000000000000000000000000000282290022121400000001
0200002416330000000000000000000000000000000283820022121400000001
0200002416340000000000000000000000000000000261130022121400000001
0200002416360000000000000000000000000000000272310022121400000001
0200002416370000000000000000000000000000000261130022121400000001
0200002416380000000000000000000000000000000259920022121400000001
0200002416390000000000000000000000000000000185490022121400000001
0200002416400000000000000000000000000000000200270022121400000001
0200002416410000000000000000000000000000000185490022121400000001
0200002416420000000000000000000000000000000370940022121400000001
0200002416430000000000000000000000000000000261130022121400000001
0200002416440000000000000000000000000000000185490022121400000001
0200002416450000000000000000000000000000000261130022121400000001
0200002416460000000000000000000000000000000190200022121400000001
0200002416470000000000000000000000000000000261130022121400000001
0200002416480000000000000000000000000000000271710022121400000001
0200002416490000000000000000000000000000000185490022121400000001
0200002416500000000000000000000000000000000261090022121400000001
0200002416510000000000000000000000000000000306140022121400000001
0200002416520000000000000000000000000000000484760022121400000001
0200002416530000000000000000000000000000000261130022121400000001
0200002416540000000000000000000000000000000489240022121400000001
0200002416550000000000000000000000000000000282280022121400000001
0200002416560000000000000000000000000000000271190022121400000001
0200002416570000000000000000000000000000000185490022121400000001
0200002416580000000000000000000000000000000185490022121400000001
0200002416590000000000000000000000000000000292850022121400000001
0200002416600000000000000000000000000000000259920022121400000001
0200002416610000000000000000000000000000000259920022121400000001
0200002416620000000000000000000000000000000185490022121400000001
0200002416630000000000000000000000000000000261130022121400000001
0200002416640000000000000000000000000000000184630022121400000001
0200002416650000000000000000000000000000000282280022121400000001
0200002416660000000000000000000000000000000185490022121400000001
0200002416670000000000000000000000000000000261130022121400000001
0200002416680000000000000000000000000000000261130022121400000001
0200002416690000000000000000000000000000000261130022121400000001
0200002416700000000000000000000000000000000185490022121400000001
0200002416710000000000000000000000000000000449530022121400000001
0200002416730000000000000000000000000000000184630022121400000001
0200002416740000000000000000000000000000000271710022121400000001
0200002416750000000000000000000000000000000265840022121400000001
0200002416760000000000000000000000000000000261130022121400000001
0200002416770000000000000000000000000000000190200022121400000001
0200002416780000000000000000000000000000000282340022121400000001
0200002416790000000000000000000000000000000334450022121400000001
0200002416800000000000000000000000000000000259920022121400000001
0200002416810000000000000000000000000000000261130022121400000001
0200002416820000000000000000000000000000000261130022121400000001
0200002416830000000000000000000000000000000209010022121400000001
0200002416840000000000000000000000000000000261130022121400000001
0200002416850000000000000000000000000000000261130022121400000001
0200002416860000000000000000000000000000000261130022121400000001
0200002416870000000000000000000000000000000317350022121400000001
0200002416880000000000000000000000000000000266840022121400000001
0200002416890000000000000000000000000000000259920022121400000001
0200002416900000000000000000000000000000000261130022121400000001
0200002416920000000000000000000000000000000283490022121400000001
0200002416930000000000000000000000000000000185490022121400000001
0200002416940000000000000000000000000000000261130022121400000001
0200002416950000000000000000000000000000000271710022121400000001
0200002416960000000000000000000000000000000261130022121400000001
0200002416970000000000000000000000000000000185490022121400000001
0200002416980000000000000000000000000000000261130022121400000001
0200002416990000000000000000000000000000000185490022121400000001
0200002417000000000000000000000000000000000271710022121400000001
0200002417010000000000000000000000000000000184630022121400000001
0200002417020000000000000000000000000000000261130022121400000001
0200002417030000000000000000000000000000000261130022121400000001
0200002417040000000000000000000000000000000190210022121400000001
0200002417050000000000000000000000000000000259920022121400000001
0200002417060000000000000000000000000000000261130022121400000001
0200002417070000000000000000000000000000000261130022121400000001
0200002417080000000000000000000000000000000190200022121400000001
0200002417090000000000000000000000000000000271760022121400000001
0200002417100000000000000000000000000000000261130022121400000001
0200002417110000000000000000000000000000000185490022121400000001
0200002417120000000000000000000000000000000261130022121400000001
0200002417140000000000000000000000000000000003940022121400000001
0200002417150000000000000000000000000000000261130022121400000001
0200002417160000000000000000000000000000000186390022121400000001
0200002417210000000000000000000000000000000185490022121400000001
0200002417180000000000000000000000000000000185490022121400000001
0200002417190000000000000000000000000000000190210022121400000001
0200002417200000000000000000000000000000000189580022121400000001
0200002417210000000000000000000000000000000270550022121400000001
0200002417220000000000000000000000000000000185490022121400000001
0200002417240000000000000000000000000000000259920022121400000001
0200002417250000000000000000000000000000000261130022121400000001
0200002417270000000000000000000000000000000583350022121400000001
0200002417270000000000000000000000000000000271710022121400000001
0200002417280000000000000000000000000000000261130022121400000001
0200002417300000000000000000000000000000000292850022121400000001
0900000000200000000000004600000000261130000
