01742212050009                                           0000000
0200002353792212182211210000006488400000000000000022120600000001
0200002541332212182211210000001662000000000000000022120600000002
0200002602212212182211210000002647200000000000000022120600000003
0200002659602212182211210000002747600000000000000022120500000046
0200002902482212182211210000002747600000000000000022120600000005
0200003021772212182211210000002843100000000000000022120600000006
0200003515202212182211210000001662000000000000000022120600000007
0200004295392212182211210000002656800000000000000022120600000008
0200004298442212182211210000009933700000000000000022120600000009
0200004310582212182211210000001624300000000000000022120600000010
0200004310692212182211210000001624300000000000000022120600000011
0200004310832212182211210000001662000000000000000022120600000012
0200004310842212182211210000002656800000000000000022120600000013
0200004310852212182211210000001662000000000000000022120600000014
0200004310882212182211210000001662000000000000000022120600000015
0200004310922212182211210000001662000000000000000022120600000016
0200004310932212182211210000001662000000000000000022120600000017
0200004310952212182211210000001662000000000000000022120600000018
0200004310962212182211210000002656800000000000000022120600000019
0200004310972212182211210000001886700000000000000022120600000020
0200004311002212182211210000002656800000000000000022120600000021
0200004311012212182211210000001662000000000000000022120600000022
0200004311022212182211210000001662000000000000000022120600000023
0200004311032212182211210000001624300000000000000022120600000024
0200004311142212182211210000001662000000000000000022120600000025
0200004311252212182211210000002656800000000000000022120600000026
0200004311352212182211210000001624300000000000000022120600000027
0200004311472212182211210000006488400000000000000022120600000028
0200004311482212182211210000001662000000000000000022120600000029
0200004311492212182211210000868445600000000000000022120600000030
0200004311542212182211210000001662000000000000000022120600000031
0200004311672212182211210000001662000000000000000022120600000032
0200004311872212182211210000001662000000000000000022120600000033
0200004311882212182211210000001662000000000000000022120600000034
0200004311992212182211210000001662000000000000000022120600000035
0200004312002212182211210000001662000000000000000022120600000036
0200004312022212182211210000001624300000000000000022120600000037
0200004312192212182211210000001624300000000000000022120600000038
0200004312462212182211210000001624300000000000000022120600000039
0200004312572212182211210000003827000000000000000022120600000040
0200004312652212182211210000001662000000000000000022120600000041
0200004312662212182211210000001662000000000000000022120600000042
0900000004300000066063000000000000000                    0000044