80002127290000822000268900000000
0200002403240000000000000000000000000000000269840022121400000011
0200002403250000000000000000000000000000000269840022121400000011
0200002403260000000000000000000000000000000269840022121400000011
0200002403270000000000000000000000000000000269840022121400000011
0200002403280000000000000000000000000000000261130022121400000011
0200002403290000000000000000000000000000000261130022121400000011
0200002403300000000000000000000000000000000261130022121400000011
0200002403310000000000000000000000000000000254950022121400000011
0200002403320000000000000000000000000000000265300022121400000011
0200002403330000000000000000000000000000000254950022121400000011
0200002403340000000000000000000000000000000254950022121400000011
0200002403350000000000000000000000000000000254950022121400000011
0200002403360000000000000000000000000000000254950022121400000011
0200002403370000000000000000000000000000000254950022121400000011
0200002403380000000000000000000000000000000164300022121400000011
0200002403390000000000000000000000000000000261130022121400000011
0200002403400000000000000000000000000000000254950022121400000011
0200002403410000000000000000000000000000000254950022121400000011
0200002403420000000000000000000000000000000254950022121400000011
0200002403430000000000000000000000000000000254950022121400000011
0200002403440000000000000000000000000000000254950022121400000011
0200002403450000000000000000000000000000000277300022121400000011
0200002403460000000000000000000000000000000254950022121400000011
0200002403470000000000000000000000000000000254950022121400000011
0200002403480000000000000000000000000000000254950022121400000011
0200002403490000000000000000000000000000000256190022121400000011
0200002403500000000000000000000000000000000254950022121400000011
0200002403510000000000000000000000000000000254950022121400000011
0200002403520000000000000000000000000000000283280022121400000011
0200002403530000000000000000000000000000000261130022121400000011
0200002403540000000000000000000000000000000254950022121400000011
0200002403550000000000000000000000000000000254950022121400000011
0200002403560000000000000000000000000000000254950022121400000011
0200002403570000000000000000000000000000000254950022121400000011
0200002403580000000000000000000000000000000254950022121400000011
0200002403590000000000000000000000000000000263730022121400000011
0200002403600000000000000000000000000000000185920022121400000011
0200002403610000000000000000000000000000000181210022121400000011
0200002403620000000000000000000000000000000190760022121400000011
0200002403630000000000000000000000000000000204790022121400000011
0200002403640000000000000000000000000000000195250022121400000011
0200002403650000000000000000000000000000000181210022121400000011
0200002403660000000000000000000000000000000181210022121400000011
0200002403670000000000000000000000000000000181210022121400000011
0200002403680000000000000000000000000000000271710022121400000011
0200002403690000000000000000000000000000000181210022121400000011
0200002403700000000000000000000000000000000185920022121400000011
0200002403710000000000000000000000000000000195350022121400000011
0200002403720000000000000000000000000000000181210022121400000011
0200002403730000000000000000000000000000000181210022121400000011
0200002403740000000000000000000000000000000110240022121400000011
0200002403750000000000000000000000000000000181210022121400000011
0200002403760000000000000000000000000000000181210022121400000011
0200002403770000000000000000000000000000000195000022121400000011
0200002403790000000000000000000000000000000254950022121400000011
0200002403800000000000000000000000000000000254950022121400000011
0200002403810000000000000000000000000000000310580022121400000011
0200002403820000000000000000000000000000000254950022121400000011
0200002403830000000000000000000000000000000272610022121400000011
0200002403840000000000000000000000000000000254950022121400000011
0200002403850000000000000000000000000000000254950022121400000011
0200002403860000000000000000000000000000000261130022121400000011
0200002403870000000000000000000000000000000476630022121400000011
0200002403880000000000000000000000000000000306170022121400000011
0200002403890000000000000000000000000000004859990022121400000011
0200002403900000000000000000000000000000000261130022121400000011
0200002403910000000000000000000000000000000261130022121400000011
0200002403920000000000000000000000000000000254950022121400000011
0200002403930000000000000000000000000000000254950022121400000011
0200002403940000000000000000000000000000000254950022121400000011
0200002403950000000000000000000000000000000275860022121400000011
0200002403960000000000000000000000000000000288230022121400000011
0200002403970000000000000000000000000000000261130022121400000011
0200002403980000000000000000000000000000000272610022121400000011
0200002403990000000000000000000000000000000261130022121400000011
0200002404000000000000000000000000000000000271710022121400000011
0200002404010000000000000000000000000000000593060022121400000011
0200002404020000000000000000000000000000000292890022121400000011
0200002404030000000000000000000000000000000261130022121400000011
0200002404040000000000000000000000000000000261130022121400000011
0200002404050000000000000000000000000000000303460022121400000011
0200002404060000000000000000000000000000001627070022121400000011
0200002404070000000000000000000000000000000261130022121400000011
0200002404080000000000000000000000000000000315070022121400000011
0200002404090000000000000000000000000000000271760022121400000011
0200002404100000000000000000000000000000000261130022121400000011
0200002404110000000000000000000000000000000261130022121400000011
0200002404120000000000000000000000000000000261130022121400000011
0200002404130000000000000000000000000000000262400022121400000011
0200002404140000000000000000000000000000000261130022121400000011
0200002404150000000000000000000000000000000254950022121400000011
0200002404160000000000000000000000000000000254950022121400000011
0200002404170000000000000000000000000000000254950022121400000011
0200002404180000000000000000000000000000000254950022121400000011
0200002404190000000000000000000000000000000254950022121400000011
0200002404200000000000000000000000000000000261130022121400000011
0200002404210000000000000000000000000000000261130022121400000011
0200002404220000000000000000000000000000000190930022121400000011
0200002404230000000000000000000000000000000181210022121400000011
0200002404240000000000000000000000000000000181210022121400000011
0900000001800000000000293769000003758400000