0182200026892022120400100000000636332843202211210720A02                                                                                                           
0577099980136120001                                                                                                                                               
0600000000000000000000000000000000000000000024153500000001846300010100000000000099905420000002
0600000000000000000000000000000000000000000024153500000002611300010100000000000099905420000002
0600000000000000000000000000000000000000000024153700000003150300010100000000000099905420000002
0600000000000000000000000000000000000000000024153900000001854900010100000000000099905420000002
0600000000000000000000000000000000000000000024154000000001846300010100000000000099905420000002
0600000000000000000000000000000000000000000024154100000001854900010100000000000099905420000002
0600000000000000000000000000000000000000000024154200000002000000010100000000000099905420000002
0600000000000000000000000000000000000000000024154300000003173500010100000000000099905420000002
0600000000000000000000000000000000000000000024154400000001854900010100000000000099905420000002
0600000000000000000000000000000000000000000024154800000001893500010100000000000099905420000002
0600000000000000000000000000000000000000000045538600000001624300010100000000000099905420000002
0600000000000000000000000000000000000000000045538700000001624300010100000000000099905420000002
0600000000000000000000000000000000000000000045538800000001624300010100000000000099905420000002
0600000000000000000000000000000000000000000045538800000001624300010100000000000099905420000002
0600000000000000000000000000000000000000000045539100000001624300010100000000000099905420000002
0600000000000000000000000000000000000000000045539200000001000000010100000000000099905420000002
0600000000000000000000000000000000000000000045539300000001624300010100000000000099905420000002
0600000000000000000000000000000000000000000045539400000001624300010100000000000099905420000002
0600000000000000000000000000000000000000000045539500000001624300010100000000000099905420000002
0600000000000000000000000000000000000000000045539500000001624300010100000000000099905420000002                                                                 
080000000010000000000132389000001                                                                                                                                 
09000000001000000000013238900                                                                                                                                     
