0182200026892022113000100000000636332843202211300732A02
0577099980136120001
0600000000000000000000000000000000000000000019589200000003788800010100000000000099901980000002
0600000000000000000000000000000000000000000019589300000003340700010100000000000099906680000003
0600000000000000000000000000000000000000000019589400000003887400010100000000000099906680000004
0600000000000000000000000000000000000000000019589500000003741600010100000000000099906680000005
0600000000000000000000000000000000000000000019589600000003741600010100000000000099906680000006
0600000000000000000000000000000000000000000019589700000003741600010100000000000099906680000007
0600000000000000000000000000000000000000000019589800000003741600010100000000000099906680000008
0600000000000000000000000000000000000000000019589900000003741600010100000000000099906680000009
0600000000000000000000000000000000000000000019590000000003741600010100000000000099906680000011
0600000000000000000000000000000000000000000019590100000003298800010100000000000099906680000011
0600000000000000000000000000000000000000000019590200000003297100010100000000000099906680000013
0600000000000000000000000000000000000000000019590300000003297100010100000000000099906680000014
0600000000000000000000000000000000000000000019590400000003825900010100000000000099906680000015
0600000000000000000000000000000000000000000019590500000001886700010100000000000099906680000015
0600000000000000000000000000000000000000000019590600000003741600010100000000000099906680000017
0600000000000000000000000000000000000000000019590700000003741300010100000000000099906680000018
0600000000000000000000000000000000000000000019590800000003741600010100000000000099906680000019
0600000000000000000000000000000000000000000019590900000003741600010100000000000099906680000020
0600000000000000000000000000000000000000000019591000000004971700010100000000000099906680000021
0600000000000000000000000000000000000000000019591100000003741600010100000000000099906680000022
0600000000000000000000000000000000000000000019591200000003835800010100000000000099906680000023
0600000000000000000000000000000000000000000019591300000003884100010100000000000099906680000024
0600000000000000000000000000000000000000000019591400000003741600010100000000000099906680000025
0600000000000000000000000000000000000000000019591500000000374160001010000000000099906680000026
0600000000000000000000000000000000000000000019591600000001886700010100000000000099906680000027
0600000000000000000000000000000000000000000019591700000003741600010100000000000099906680000028
0600000000000000000000000000000000000000000019591800000003297100010100000000000099906680000029
0600000000000000000000000000000000000000000019591900000003297100010100000000000099906680000030
0600000000000000000000000000000000000000000019592000000003741600010100000000000099906680000031
0600000000000000000000000000000000000000000019592100000003888300010100000000000099906680000032
0600000000000000000000000000000000000000000019592200000003741600010100000000000099906680000033
0600000000000000000000000000000000000000000019592300000003468100010100000000000099906680000035
0600000000000000000000000000000000000000000019592400000003741600010100000000000099906680000036
0600000000000000000000000000000000000000000019592500000003741600010100000000000099906680000036
0600000000000000000000000000000000000000000019592600000003788700010100000000000099906680000039
0600000000000000000000000000000000000000000019592700000003297100010100000000000099906680000040
080000000360000000001295857000001
09000000036000000000129585700