01812112300009                                           0000000
0200002133390000000000000000001200000000000259920021123000000001
0200002133400000000000000000001300000000000554250021123000000002
0200002133410000000000000000001400000000000272300021123000000003
0200002133420000000000000000001500000000000272300021123000000004
0200002133430000000000000000001100000000000272300021123000000005
0200002133440000000000000000001400000000000272300021123000000006
0200002133450000000000000000001400000000000272300021123000000007
0200002133460000000000000000001400000000000272300021123000000008
0200002133470000000000000000001400000000000272300021123000000009
0200002133480000000000000000001100000000000272300021123000000010
0200002133490000000000000000001500000000000272300021123000000011
0200002133500000000000000000001500000000000272300021123000000012
0200002133510000000000000000001100000000000272300021123000000013
0200002133520000000000000000001300000000000272300021123000000014
0200002133530000000000000000001300000000000272300021123000000015
0200002133540000000000000000001300000000000272300021123000000016
0200002133550000000000000000001300000000000272300021123000000017
0200002133570000000000000000001300000000000272300021123000000018
0200002133580000000000000000001100000000000272300021123000000019
0200002133590000000000000000001500000000000272300021123000000020
0200002133600000000000000000001500000000000272300021123000000021
0200002133610000000000000000001500000000000272300021123000000022
0200002133620000000000000000001500000000000272300021123000000023
0200002133630000000000000000002000000000000272300021123000000024
0200002133640000000000000000001400000000000272300021123000000025
0200002133650000000000000000001400000000000272300021123000000026
0200002133660000000000000000001400000000000272300021123000000027
0200002133670000000000000000001800000000000272300021123000000028
0200002133680000000000000000001100000000000272300021123000000029
0200002133690000000000000000001100000000000272300021123000000030
0200002133700000000000000000000900000000000272300021123000000031
0200002309180000000000000000001500000000000272300021123000000032
0200002309190000000000000000001500000000000272300021123000000033
0200002309200000000000000000001500000000000272300021123000000034
0200002309210000000000000000000500000000000272300021123000000035
0200002309220000000000000000002000000000000272300021123000000036
0200002309230000000000000000002000000000000272300021123000000037
0200002309240000000000000000001300000000000272300021123000000038
0200002309250000000000000000001300000000000272300021123000000039
0200002309260000000000000000001300000000000272300021123000000040
0200002309270000000000000000001300000000000272300021123000000041
0200002309280000000000000000001300000000000272300021123000000042
0200002309290000000000000000002000000000000272300021123000000043
0200002309300000000000000000002000000000000272300021123000000044
0200002309310000000000000000002000000000000272300021123000000045
0200002309320000000000000000001500000000000272300021123000000046
0200002309330000000000000000001500000000000272300021123000000047
0200002309340000000000000000001500000000000272300021123000000048
0200002309350000000000000000001500000000000272300021123000000049
0200002309360000000000000000001000000000000272300021123000000050
0200002309370000000000000000001000000000000272300021123000000051
0200002309380000000000000000001000000000000272300021123000000052
0200002309390000000000000000001700000000000272300021123000000053
0200002309400000000000000000001700000000000272300021123000000054
0200002309410000000000000000002000000000000272300021123000000055
0200002309420000000000000000002000000000000272300021123000000056
0200002309430000000000000000001300000000000272300021123000000057
0200002309440000000000000000001300000000000272300021123000000058
0200002309450000000000000000001300000000000272300021123000000059
0200002309460000000000000000002000000000000272300021123000000060
0200002309470000000000000000001700000000000272300021123000000061
0200002309480000000000000000001000000000000272300021123000000062
0200002309490000000000000000001500000000000272300021123000000063
0200003533290000000000000000001500000000000272300021123000000064
0200002309500000000000000000001500000000000272300021123000000065
0200002309510000000000000000001000000000000272300021123000000066
0200002309520000000000000000001000000000000272300021123000000067
0200002309530000000000000000001300000000000272300021123000000068
0200002309540000000000000000001300000000000272300021123000000069
0200002309550000000000000000001300000000000272300021123000000070
0200002309560000000000000000001700000000000272300021123000000071
0200002478800000000000000000002300000000000272300021123000000072
0200002478810000000000000000002300000000000272300021123000000073
0200002478820000000000000000002300000000000272300021123000000074
0200002478830000000000000000001200000000000272300021123000000075
0200002478840000000000000000001200000000000272300021123000000076
0200002478850000000000000000001200000000000272300021123000000077
0200002478860000000000000000002300000000000272300021123000000078
0200002478870000000000000000001000000000000272300021123000000079
0200002478900000000000000000001200000000000272300021123000000080
0200002478910000000000000000001200000000000272300021123000000081
0200002478920000000000000000001200000000000272300021123000000082
0200002478930000000000000000002000000000000272300021123000000083
0200002478940000000000000000002000000000000272300021123000000084
0200002478950000000000000000002000000000000272300021123000000085
0200002478960000000000000000002300000000000272300021123000000086
0200002478970000000000000000001200000000000272300021123000000087
0200002478980000000000000000001200000000000272300021123000000088
0200002479000000000000000000001200000000000272300021123000000089
0200002479010000000000000000001200000000000272300021123000000090
0200002649770000000000000000001100000000000272300021123000000091
0200001965470000000000000000001100000000000272300021123000000092
0200001965500000000000000000001500000000000272300021123000000093
0200001965540000000000000000001500000000000272300021123000000094
0200001965550000000000000000001100000000000272300021123000000095
0200001965570000000000000000001200000000000272300021123000000096
0200001965580000000000000000001200000000000272300021123000000097
0200001965590000000000000000001200000000000272300021123000000098
0200001965610000000000000000001200000000000272300021123000000099
0200001965620000000000000000001100000000000272300021123000000100
0900000000500001433000000000000000000                    0000006
