01812106150009                                           0000000
0200003087302106152105310000001659800000000165980021061500000001
0200003111872106152105310000001885800000000188580021061500000002
0200003125580000000000000000002708800000000270880021061500000003
0200003117030000000000000000001885800000000188580021061500000004
0200003035930000000000000000001885800000000188580021061500000005
0200003584450000000000000000002656600000000265660021061500000006
0200003026610000000000000000001932900000000193290021061500000007
0200002832240000000000000000002656600000000265660021061500000008
0200003153300000000000000000001935300000000193530021061500000009
0200003110610000000000000000002676400000000267640021061500000010
0200003137020000000000000000001885800000000188580021061500000011
0200003012430000000000000000002656600000000265660021061500000012
0900000070800026226200000000000000000                    0000013
