01812212010009                                           0000000
0200002423862212122211300000001854900000000185490022120400000001
0200002423862212122211300000002717100000000271710022120400000001
0200002423882212122211300000002946600000000294660022120400000001
0200002423892212122211300000003173500000000317350022120400000001
0200002423902212122211300000002611300000000261130022120900000001
0200002423902212122211300000002611300000000261130022120400000001
0200002423922212122211300000002611300000000261130022120400000001
0200002423932212122211300000002611300000000261130022120400000001
0200002423942212122211300000002611300000000261130022120400000001
0200002423952212122211300000002611300000000261130022120400000001
0900000000500000184762000000000000000                    0000006
