01822000268920221205001                 20221205   0A00
0577099980136120001
060000000000000000000000000000000000000000002429800000000242210001010000000000000000001160608                                                      50001000
060000000000000000000000000000000000000000002429810000000224240001010000000000000000001160608                                                      50001000
060000000000000000000000000000000000000000002429820000000224240001010000000000000000001160608                                                      50001000
060000000000000000000000000000000000000000002429830000000233280001010000000000000000001160608                                                      50001000
060000000000000000000000000000000000000000002429840000000224240001010000000000000000001160608                                                      50001000
060000000000000000000000000000000000000000002429850000000224240001010000000000000000001160608                                                      50001000
060000000000000000000000000000000000000000002429860000000224240001010000000000000000001160608                                                      50001000
060000000000000000000000000000000000000000002429870000000224240001010000000000000000001160608                                                      50001000
060000000000000000000000000000000000000000002429880000000224240001010000000000000000001160608                                                      50001000
060000000000000000000000000000000000000000002429890000000224240001010000000000000000001160608                                                      50001000
080000000200000000000280000001