01992301010051                                           0000001
0200004331830000000000000000001841900000000000000022121100000002
0200004332050000000000000000002656800000000000000022121100000002
0200004332170000000000000000006488400000000000000022121100000002
0200004332820000000000000000002656800000000000000022121100000002
0200004332820000000000000000002555900000000000000022121100000002
0200004332950000000000000000006488400000000000000022121100000002
0200004333120000000000000000001624300000000000000022121100000002
0200004333300000000000000000001662000000000000000022121100000002
0200004333700000000000000000003786300000000000000022121100000002
0200004333760000000000000000002656800000000000000022121100000002
0200004333840000000000000000001886700000000000000022121100000002
0200004335200000000000000000001662000000000000000022121100000002
0200004336100000000000000000002656800000000000000022121100000002
0200004336840000000000000000001886700000000000000022121100000002
0200004337630000000000000000001662000000000000000022121100000002
0200004337910000000000000000001624300000000000000022121100000002
0200004337980000000000000000002656800000000000000022121100000002
0200004339070000000000000000001624300000000000000022121100000002
0200004339990000000000000000002656800000000000000022121100000002
0200004340140000000000000000001662000000000000000022121100000002
0200004340900000000000000000001662000000000000000022121100000002
0200004341330000000000000000001624300000000000000022121100000002
0200004341520000000000000000002656800000000000000022121100000002
0200004341990000000000000000001886700000000000000022121100000002
0200004342670000000000000000001841900000000000000022121100000002
0200004342680000000000000000001841900000000000000022121100000002
0200004342680000000000000000001841900000000000000022121100000002
0200004342800000000000000000001886700000000000000022121100000002
0200004343640000000000000000001886700000000000000022121100000002
0200004343720000000000000000001662000000000000000022121100000002
0200004344290000000000000000001886700000000000000022121100000002
0200004344920000000000000000004924000000000000000022121100000002
0200004345840000000000000000001886700000000000000022121100000002
0200004346030000000000000000004461800000000000000022121100000002
0200004346060000000000000000001624300000000000000022121100000002
0200004346940000000000000000012103600000000000000022121100000002
0200004347120000000000000000002000000000000000000022121100000002
0200004348240000000000000000001624300000000000000022121100000002
0200004348810000000000000000002656800000000000000022121100000002
0200004348820000000000000000002656800000000000000022121100000002
0200004348920000000000000000002656800000000000000022121100000002
0200004349470000000000000000001886700000000000000022121100000002
0200004349500000000000000000002656800000000000000022121100000002
0200004349650000000000000000001624300000000000000022121100000002
0200004349660000000000000000001624300000000000000022121100000002
0200004349970000000000000000001886700000000000000022121100000002
0200004351020000000000000000001662000000000000000022121100000002
0200004351080000000000000000001624300000000000000022121100000002
0200004352800000000000000000001624300000000000000022121100000002
0200004352810000000000000000002656800000000000000022121100000002
0900000000700001450041000000000000000                    0000003