01822000268920221205001                 20221205   0A00
0577099980136120001
060000000000000000000000000000000000000000002429900000000224240001010000000000000000001160608                                                      50001000
060000000000000000000000000000000000000000002429900000000224240001010000000000000000001160308                                                      50001000
060000000000000000000000000000000000000000004560570000000162430001010000000000000000001160608                                                      50001000
060000000000000000000000000000000000000000004560570000000162430001010000000000000000001160708                                                      50001000
060000000000000000000000000000000000000000004560610000000162430001010000000000000000001160608                                                      50001000
060000000000000000000000000000000000000000004560620000000162430001010000000000000000001160608                                                      50001000
060000000000000000000000000000000000000000004560630000000162430001010000000000000000001160608                                                      50001000
060000000000000000000000000000000000000000004560640000000162430001010000000000000000001160608                                                      50001000
060000000000000000000000000000000000000000004560650000000162430001010000000000000000001160608                                                      50001000
060000000000000000000000000000000000000000004560660000000162430001010000000000000000001160608                                                      50001000
060000000000000000000000000000000000000000004560670000000162430001010000000000000000001160608                                                      50001000
060000000000000000000000000000000000000000004560680000000162430001010000000000000000001160608                                                      50001000
060000000000000000000000000000000000000000004559810000000166200001010000000000000000001160608                                                      50001000
080000000200000000000280000001