018220002689202212180195500155063       202212180844B01                                                                                                          	
0500000000000000001                                                                                                                                              	
0600000000000000000000000000000000000000000024173100000001854900011500000000000001900010000002                                                                       
0600000000000000000000000000000000000000000024173300000004184100011500000000000001900010000002                                                                       
0600000000000000000000000000000000000000000024173400000002611300011500000000000001900010000002                                                                       
0600000000000000000000000000000000000000000024173500000008823100011500000000000001900010000002                                                                       
0600000000000000000000000000000000000000000024173600000002705000011500000000000001900010000002                                                                       
0600000000000000000000000000000000000000000024173700000009316600011500000000000001900010000002                                                                       
0600000000000000000000000000000000000000000024173900000003044400011500000000000001900010000002                                                                       
0600000000000000000000000000000000000000000024174000000002611300011500000000000001900010000002                                                                       
0600000000000000000000000000000000000000000024174100000013397300011500000000000001900010000002                                                                       
0600000000000000000000000000000000000000000024174200000006321900011500000000000001900010000002                                                                       
0600000000000000000000000000000000000000000024174400000006325800011500000000000001900010000002                                                                       
0600000000000000000000000000000000000000000024174500000002611300011500000000000001900010000002                                                                       
0600000000000000000000000000000000000000000024174600000002599200011500000000000001900010000002                                                                       
0600000000000000000000000000000000000000000024174700000007609100011500000000000001900010000002                                                                       
0600000000000000000000000000000000000000000024174800000002611300011500000000000001900010000002                                                                       
0600000000000000000000000000000000000000000024174900000002611300011500000000000001900010000002                                                                       
0600000000000000000000000000000000000000000024175000000002611300011500000000000001900010000002                                                                       
0600000000000000000000000000000000000000000024175100000002611300011500000000000001900010000002                                                                       
0600000000000000000000000000000000000000000024175200000002599200011500000000000001900010000002                                                                       
0600000000000000000000000000000000000000000024175400000003061700011500000000000001900010000002                                                                       
0600000000000000000000000000000000000000000024175500000002928900011500000000000001900010000002                                                                       
0600000000000000000000000000000000000000000024175600000002611300011500000000000001900010000002                                                                       
0600000000000000000000000000000000000000000024175700000002599200011500000000000001900010000002                                                                       
0600000000000000000000000000000000000000000024175800000002717000011500000000000001900010000002                                                                       
0600000000000000000000000000000000000000000024175900000005203100011500000000000001900010000002                                                                       
0600000000000000000000000000000000000000000024176000000002717100011500000000000001900010000002                                                                       
0600000000000000000000000000000000000000000024176100000002611300011500000000000001900010000002                                                                       
0600000000000000000000000000000000000000000024176200000002730200011500000000000001900010000002                                                                       
0600000000000000000000000000000000000000000024176300000001854900011500000000000001900010000002                                                                       
0600000000000000000000000000000000000000000024176400000002611300011500000000000001900010000002                                                                       
0600000000000000000000000000000000000000000024176500000002611300011500000000000001900010000002                                                                       
0600000000000000000000000000000000000000000024176600000002611300011500000000000001900010000002                                                                       
0600000000000000000000000000000000000000000024176700000048598800011500000000000001900010000002                                                                       
0600000000000000000000000000000000000000000024176800000002611300011500000000000001900010000002                                                                       
0600000000000000000000000000000000000000000024176900000002611300011500000000000001900010000002                                                                       
0600000000000000000000000000000000000000000024177000000002611300011500000000000001900010000002                                                                       
0600000000000000000000000000000000000000000024177100000002660800011500000000000001900010000002                                                                       
0600000000000000000000000000000000000000000024177200000002611300011500000000000001900010000002                                                                       
0600000000000000000000000000000000000000000024177300000002611300011500000000000001900010000002                                                                       
0600000000000000000000000000000000000000000024177400000002611300011500000000000001900010000002                                                                       
0600000000000000000000000000000000000000000024177500000003138600011500000000000001900010000002                                                                       
0600000000000000000000000000000000000000000024177600000001854900011500000000000001900010000002                                                                       
0600000000000000000000000000000000000000000024177700000003173500011500000000000001900010000002                                                                       
0600000000000000000000000000000000000000000024177800000002611300011500000000000001900010000002                                                                       
0600000000000000000000000000000000000000000024177900000002045900011500000000000001900010000002                                                                       
0600000000000000000000000000000000000000000024178000000002835100011500000000000001900010000002                                                                       
0600000000000000000000000000000000000000000024178100000013174000011500000000000001900010000002                                                                       
0600000000000000000000000000000000000000000024178200000002611300011500000000000001900010000002                                                                       
0600000000000000000000000000000000000000000024178300000002599200011500000000000001900010000002                                                                       
0600000000000000000000000000000000000000000024178400000002611300011500000000000001900010000002                                                                       
0600000000000000000000000000000000000000000024178500000001635100011500000000000001900010000002                                                                       
0600000000000000000000000000000000000000000024178600000002611300011500000000000001900010000002                                                                       
0600000000000000000000000000000000000000000024178700000002599200011500000000000001900010000002                                                                       
0600000000000000000000000000000000000000000024178800000002611300011500000000000001900010000002                                                                       
0600000000000000000000000000000000000000000024178900000002611300011500000000000001900010000002                                                                       
0600000000000000000000000000000000000000000024179000000002848500011500000000000001900010000002                                                                       
0600000000000000000000000000000000000000000024179100000002599200011500000000000001900010000002                                                                       
0600000000000000000000000000000000000000000024179200000002611300011500000000000001900010000002                                                                       
0600000000000000000000000000000000000000000024179300000002611300011500000000000001900010000002                                                                       
0600000000000000000000000000000000000000000024179400000002611300011500000000000001900010000002                                                                       
0600000000000000000000000000000000000000000024179500000002949600011500000000000001900010000002                                                                       
0600000000000000000000000000000000000000000024179600000002611300011500000000000001900010000002                                                                       
0600000000000000000000000000000000000000000024179700000008113700011500000000000001900010000002                                                                       
0600000000000000000000000000000000000000000024179800000002611300011500000000000001900010000002                                                                       
0600000000000000000000000000000000000000000024179900000002699200011500000000000001900010000002                                                                       
0600000000000000000000000000000000000000000024180000000002611300011500000000000001900010000002                                                                       
0600000000000000000000000000000000000000000024180100000002611300011500000000000001900010000002                                                                       
0600000000000000000000000000000000000000000024180200000002599200011500000000000001900010000002                                                                       
0600000000000000000000000000000000000000000024180300000002822900011500000000000001900010000002                                                                       
0600000000000000000000000000000000000000000024180400000002916800011500000000000001900010000002                                                                       
0600000000000000000000000000000000000000000024180600000002599200011500000000000001900010000002                                                                       
0600000000000000000000000000000000000000000024180700000002611300011500000000000001900010000002                                                                       
0600000000000000000000000000000000000000000024180800000002611300011500000000000001900010000002                                                                       
0600000000000000000000000000000000000000000024180900000002822800011500000000000001900010000002                                                                       
0600000000000000000000000000000000000000000024181000000002611300011500000000000001900010000002                                                                       
0600000000000000000000000000000000000000000024181100000002611300011500000000000001900010000002                                                                       
0600000000000000000000000000000000000000000024181200000002611300011500000000000001900010000002                                                                       
0600000000000000000000000000000000000000000024181300000002611300011500000000000001900010000002                                                                       
0600000000000000000000000000000000000000000024181400000003358000011500000000000001900010000002                                                                       
0600000000000000000000000000000000000000000024181500000002611300011500000000000001900010000002                                                                       
0600000000000000000000000000000000000000000024181600000002611300011500000000000001900010000002                                                                       
0600000000000000000000000000000000000000000024181700000002717100011500000000000001900010000002                                                                       
0600000000000000000000000000000000000000000024181800000002723100011500000000000001900010000002                                                                       
0600000000000000000000000000000000000000000024181900000002611300011500000000000001900010000002                                                                       
0600000000000000000000000000000000000000000024182000000002611300011500000000000001900010000002                                                                       
0600000000000000000000000000000000000000000024182100000002611300011500000000000001900010000002                                                                       
0600000000000000000000000000000000000000000024182200000002611300011500000000000001900010000002                                                                       
0600000000000000000000000000000000000000000024182300000002611300011500000000000001900010000002                                                                       
0600000000000000000000000000000000000000000024182400000002611300011500000000000001900010000002                                                                       
0600000000000000000000000000000000000000000024182500000002611300011500000000000001900010000002                                                                       
0600000000000000000000000000000000000000000024182600000002599200011500000000000001900010000002                                                                       
0600000000000000000000000000000000000000000024182700000002611300011500000000000001900010000002                                                                       
0600000000000000000000000000000000000000000024182800000002928500011500000000000001900010000002                                                                       
0600000000000000000000000000000000000000000024182900000002611300011500000000000001900010000002                                                                       
0600000000000000000000000000000000000000000024183000000002822800011500000000000001900010000002                                                                       
0600000000000000000000000000000000000000000024183100000002611300011500000000000001900010000002                                                                       
0600000000000000000000000000000000000000000024183300000002611300011500000000000001900010000002                                                                       
0600000000000000000000000000000000000000000024183400000001854900011500000000000001900010000002                                                                       
0600000000000000000000000000000000000000000024183500000002796400011500000000000001900010000002                                                                       
0600000000000000000000000000000000000000000024183600000002611300011500000000000001900010000002                                                                       
0600000000000000000000000000000000000000000024183700000002611300011500000000000001900010000002                                                                       
0600000000000000000000000000000000000000000024183800000002611300011500000000000001900010000002                                                                       
0600000000000000000000000000000000000000000024183900000003061800011500000000000001900010000002                                                                       
0600000000000000000000000000000000000000000024184000000002599200011500000000000001900010000002                                                                       
0600000000000000000000000000000000000000000024184100000002611300011500000000000001900010000002                                                                       
0600000000000000000000000000000000000000000024184200000002611300011500000000000001900010000002                                                                       
0600000000000000000000000000000000000000000024184300000001893500011500000000000001900010000002                                                                       
0600000000000000000000000000000000000000000024184400000002717100011500000000000001900010000002                                                                       
0600000000000000000000000000000000000000000024184500000002832700011500000000000001900010000002                                                                       
0600000000000000000000000000000000000000000024184600000017403900011500000000000001900010000002                                                                       
0600000000000000000000000000000000000000000024184700000002817600011500000000000001900010000002                                                                       
0600000000000000000000000000000000000000000024184800000005527900011500000000000001900010000002                                                                       
0600000000000000000000000000000000000000000024184900000006609800011500000000000001900010000002                                                                       
0600000000000000000000000000000000000000000024185000000002599200011500000000000001900010000002                                                                       
0600000000000000000000000000000000000000000024185100000002611300011500000000000001900010000002                                                                       
0600000000000000000000000000000000000000000024185200000004329700011500000000000001900010000002                                                                       
0600000000000000000000000000000000000000000024185300000002652800011500000000000001900010000002                                                                       
0600000000000000000000000000000000000000000024185500000004766300011500000000000001900010000002                                                                       
0600000000000000000000000000000000000000000024185600000002716700011500000000000001900010000002                                                                       
0600000000000000000000000000000000000000000024185700000002611300011500000000000001900010000002                                                                       
080000000520000000001340492000001                                                                                                                                	
09000000052000000000134049200                                                                                                                                    	
