01812212010009                                           0000000
0200001955530000000000000000005268100000000526810022120100000001
0200001955540000000000000000003597050000000359705022120100000002
0200001955550000000000000000003338500000000333850022120100000003
0900001955560000000000000000003297100000000329710022120100000004
0900001955570000000000000000003741600000000374160022120100000005
0900001955580000000000000000003297100000000329710022120100000006
0900001955590000000000000000001886700000000188670022120100000007
0900001955600000000000000000001886700000000188670022120100000008
0900001955610000000000000000003344900000000334490022120100000009
0900001955620000000000000000003297100000000329710022120100000010
0900001955630000000000000000001662000000000166200022120100000011
0900001955640000000000000000003223400000000322340022120100000012
0900001955650000000000000000005353000000000535300022120100000013
0900001955660000000000000000003301200000000330120022120100000014
0900001955670000000000000000003814000000000381400022120100000015
0900001955680000000000000000003297100000000329710022120100000016
0900001955690000000000000000003297100000000329710022120100000017
0900001955700000000000000000005010800000000501080022120100000018
0900001955710000000000000000001281420000000128142022120100000019
0900001955720000000000000000006803200000000680320022120100000020
0900001955730000000000000000003741600000000374160022120100000021
0900001955740000000000000000005587100000000558710022120100000022
0900001955750000000000000000001038170000000103817022120100000023
0900001955760000000000000000009433200000000943320022120100000024
0900001955770000000000000000003552700000000355270022120100000025
0900001955780000000000000000004568500000000456850022120100000026
0900001955790000000000000000002330380000000233038022120100000027
0900001955800000000000000000002476790000000247679022120100000028
0900001955810000000000000000003741600000000374160022120100000029
0900001955820000000000000000009388700000000938870022120100000030
0900001955830000000000000000003834400000000383440022120100000031
0900001955840000000000000000003936800000000393680022120100000032
0900001955850000000000000000003838400000000383840022120100000033
0900001955860000000000000000003788800000000378880022120100000034
0900001955870000000000000000005587100000000558710022120100000035
0900001955880000000000000000003741600000000374160022120100000036
0900001955890000000000000000006075900000000607590022120100000037
0900001955900000000000000000003654000000000365400022120100000038
0900001955910000000000000000005089800000000508980022120100000039
0900001955920000000000000000001934740000000193474022120100000040
0900001955930000000000000000009490300000000949030022120100000041
0900001955940000000000000000003741600000000374160022120100000042
0900001955950000000000000000003741600000000374160022120100000043
0900001955960000000000000000003741600000000374160022120100000044
0900001955970000000000000000001886700000000188670022120100000045
0900001955980000000000000000001886700000000188670022120100000046
0900001955990000000000000000003888300000000388830022120100000047
0900001956000000000000000000003741600000000374160022120100000048
0900001956010000000000000000003788700000000378870022120100000049
0900001956020000000000000000003741600000000374160022120100000050
0900001956030000000000000000003883000000000388300022120100000051
0900001956040000000000000000003338600000000333860022120100000052
0900001956050000000000000000008944200000000894420022120100000053
0900001956060000000000000000001124350000000112435022120100000054
0900001956070000000000000000003741600000000374160022120100000055
0900001956080000000000000000003741600000000374160022120100000056
0900001956090000000000000000003741600000000374160022120100000057
0900001956100000000000000000003985400000000398540022120100000058
0900001956110000000000000000003741600000000374160022120100000059
0900001956120000000000000000003741600000000374160022120100000060
0900001956130000000000000000003932500000000393250022120100000061
0900001956140000000000000000003932600000000393260022120100000062
0900001956150000000000000000003741600000000374160022120100000063
0900001956160000000000000000001147390000000114739022120100000064
0900001956170000000000000000003654000000000365400022120100000065
0900001956180000000000000000003654000000000365400022120100000066
0900001956190000000000000000003264900000000326490022120100000067
0900001956200000000000000000003748200000000374820022120100000068
0900001956210000000000000000001886700000000188670022120100000069
0900001956220000000000000000003788700000000378870022120100000070
0900001956230000000000000000005180900000000518090022120100000071
0900001956240000000000000000003338600000000333860022120100000072
0900001956250000000000000000003297100000000329710022120100000073
0900001956260000000000000000001662000000000166200022120100000074
0900001956270000000000000000003297100000000329710022120100000075
0900001956280000000000000000003741600000000374160022120100000076
0900001956290000000000000000003741600000000374160022120100000077
0900001956300000000000000000003338600000000333860022120100000078
0900001956310000000000000000003741600000000374160022120100000079
0900001956320000000000000000002592000000000259200022120100000080
0900001956330000000000000000003654000000000365400022120100000081
0900001956340000000000000000005141500000000514150022120100000082
0900001956350000000000000000003788700000000378870022120100000083
0900001956360000000000000000003741600000000374160022120100000084
0900001956370000000000000000003297100000000329710022120100000085
0900001956380000000000000000003338600000000333860022120100000086
0900001956390000000000000000003297100000000329710022120100000087
0900001956400000000000000000003382700000000338270022120100000088
0900001956410000000000000000003297100000000329710022120100000089
0900001956420000000000000000003741600000000374160022120100000090
0900001956430000000000000000003297100000000329710022120100000091
0900001956440000000000000000001886700000000188670022120100000092
0900001956450000000000000000003389500000000338950022120100000093
0900001956460000000000000000003297100000000329710022120100000094
0900001956470000000000000000003788700000000378870022120100000095
0900001956480000000000000000003383500000000338350022120100000096
0900001956490000000000000000003380200000000338020022120100000097
0900001956500000000000000000003297100000000329710022120100000098
0900001956510000000000000000003297100000000329710022120100000099
0900001956530000000000000000003425400000000342540022120100000100
0900001956540000000000000000003756100000000375610022120100000101
0900001956550000000000000000003297600000000329760022120100000102
0900001956560000000000000000003297100000000329710022120100000103
0900001956570000000000000000003788800000000378880022120100000104
0900001956580000000000000000003741600000000374160022120100000105
0900001956590000000000000000005268100000000526810022120100000106
0900001956600000000000000000003380100000000338010022120100000107
0900001956610000000000000000003848300000000384830022120100000108
0900001956620000000000000000003741600000000374160022120100000109
0900001956630000000000000000003741600000000374160022120100000110
0900001956640000000000000000006041300000000604130022120100000111
0900001956660000000000000000003223400000000322340022120100000112
0900001956670000000000000000003223400000000322340022120100000113
0900001956680000000000000000001886700000000188670022120100000114
0900001956690000000000000000005875400000000587540022120100000115
0900001956700000000000000000003788800000000378880022120100000116
0900001956710000000000000000003799700000000379970022120100000117
0900001956720000000000000000003788800000000378880022120100000118
0900001956730000000000000000003849300000000384930022120100000119
0900001956740000000000000000001841900000000184190022120100000120
0900000000500000184762000000000000000                    0000006
