80002127300000822000268900000000
0200002427220000000000000000000000000000000185490022121400000001
0200002427230000000000000000000000000000000185490023010200000001
0200002427230000000000000000000000000000000185490022121400000001
0200002427250000000000000000000000000000000185490022121400000001
0200002427260000000000000000000000000000000261130022121400000001
0200002427270000000000000000000000000000000261130022121400000001
0200002427280000000000000000000000000000000261130022121400000001
0200002427290000000000000000000000000000000163510022121400000001
0200002427300000000000000000000000000000000181210022121400000001
0200002427310000000000000000000000000000000181210022121400000001
0200002427320000000000000000000000000000000181210022121400000001
0200002427330000000000000000000000000000000181210022121400000001
0200002427340000000000000000000000000000000204790022121400000001
0200002427340000000000000000000000000000000181210022121400000001
0200002427360000000000000000000000000000000186970022121400000001
0200002427370000000000000000000000000000000261130022121400000001
0200002427380000000000000000000000000000000261130022121400000001
0200002427390000000000000000000000000000000261130022121400000001
0200002427400000000000000000000000000000000261130022121400000001
0200002427410000000000000000000000000000000261130022121400000001
0200002427420000000000000000000000000000000261130022121400000001
0200002427430000000000000000000000000000000261130022121400000001
0200002427440000000000000000000000000000000261130022121400000001
0200002427450000000000000000000000000000000261130022121400000001
0200002427460000000000000000000000000000000281820022121400000001
0200002427470000000000000000000000000000000261130022121400000001
0200002427480000000000000000000000000000000261130022121400000001
0200002427490000000000000000000000000000000254950022121400000001
0200002427500000000000000000000000000000000254040022121400000001
0200002427510000000000000000000000000000000261130022121400000001
0200002427520000000000000000000000000000000261130022121400000001
0200002427530000000000000000000000000000000261130022121400000001
0200002427540000000000000000000000000000000261130022121400000001
0200002427550000000000000000000000000000000269840022121400000001
0200002427560000000000000000000000000000000261130022121400000001
0200002427570000000000000000000000000000000292850022121400000001
0200002427580000000000000000000000000000000313860022121400000001
0200002427590000000000000000000000000000000261130022121400000001
0200002427600000000000000000000000000000000261130022121400000001
0200002427610000000000000000000000000000000259920022121400000001
0200002427620000000000000000000000000000000269840022121400000001
0200002427630000000000000000000000000000000200000022121400000001
0200002427650000000000000000000000000000000283480022121400000001
0200002427660000000000000000000000000000000281070022121400000001
0200002427670000000000000000000000000000000259920022121400000001
0200002427680000000000000000000000000000000261090022121400000001
0200002427690000000000000000000000000000000316450022121400000001
0200002427700000000000000000000000000000000269840022121400000001
0200002427710000000000000000000000000000000261130022121400000001
0200002427720000000000000000000000000000000261130022121400000001
0900000000200000000000004600000000261130000
