01372302110009                                           0000000
0299995560122302182301230000005537100000000000000023021000000001
0299994434882302182301230000005537100000000000000023021000000002
0299995418672302182301230000002768600000000000000023021000000003
0299995396992302182301230000002768600000000000000023021000000004
0299994532872302182301230000005537100000000000000023021000000005
0299994506852302182301230000005537100000000000000023021000000006
0299995439992302182301230000002768600000000000000023021000000007
0299994608332302182301230000005537100000000000000023021000000008
0299994669752302182301230000005537100000000000000023021000000009
0299994400152302182301230000005537100000000000000023021000000010
0900000001000000068655000000000000000                    0000002
