01822000268920220115001 202201151837A00
0577099980136120001
060000000000000000000000000000000000000000001973090000000150000001010000000000000000001085859                                                      50001000
060000000000000000000000000000000000000000001973100000000200000001010000000000000000002100414                                                      50001000
060000000000000000000000000000000000000000001973110000000160000001010000000000000000002100414                                                      50001000
060000000000000000000000000000000000000000001973120000000120000001010000000000000000002100414                                                      50001000
060000000000000000000000000000000000000000001973130000000130000001010000000000000000002100414                                                      50001000
060000000000000000000000000000000000000000001973140000000140000001010000000000000000002100414                                                      50001000
060000000000000000000000000000000000000000001973150000000180000001010000000000000000002100414                                                      50001000
060000000000000000000000000000000000000000001973160000000170000001010000000000000000002100414                                                      50001000
060000000000000000000000000000000000000000001973180000000110000001010000000000000000002100414                                                      50001000
080000000200000000000280000001
080000000200000000000280000001