01812112310009                                           0000000
0200002649810000000000000000001200000000000259920021120100000001
0200002649820000000000000000001100000000000554250021120100000002
0200002649830000000000000000001800000000000272300021120100000003
0200002649840000000000000000001500000000000272300021120100000003
0200002649850000000000000000001200000000000272300021120100000003
0200002649860000000000000000001100000000000272300021120100000003
0200002649870000000000000000001800000000000272300021120100000003
0200002649880000000000000000001500000000000272300021120100000003
0200002649890000000000000000001200000000000272300021120100000003
0200002649900000000000000000001100000000000272300021120100000003
0200002649910000000000000000001800000000000272300021120100000003
0200002649920000000000000000001500000000000272300021120100000003
0200002649930000000000000000001200000000000272300021120100000003
0200002649940000000000000000001100000000000272300021120100000003
0200002649950000000000000000001800000000000272300021120100000003
0200002649960000000000000000001500000000000272300021120100000003
0200002649970000000000000000001200000000000272300021120100000003
0200002649980000000000000000001100000000000272300021120100000003
0200002649990000000000000000001800000000000272300021120100000003
0200002650000000000000000000001500000000000272300021120100000003
0200002650010000000000000000001200000000000272300021120100000003
0200002650020000000000000000001100000000000272300021120100000003
0200002650030000000000000000001800000000000272300021120100000003
0200002650040000000000000000001500000000000272300021120100000003
0200002650050000000000000000001200000000000272300021120100000003
0200002650060000000000000000001100000000000272300021120100000003
0200002650070000000000000000001800000000000272300021120100000003
0200002650080000000000000000001500000000000272300021120100000003
0200002650090000000000000000001200000000000272300021120100000003
0200002650100000000000000000001100000000000272300021120100000003
0200002650110000000000000000001800000000000272300021120100000003
0200002650120000000000000000001500000000000272300021120100000003
0200002650130000000000000000001200000000000272300021120100000003
0200002650140000000000000000001100000000000272300021120100000003
0200002650150000000000000000001800000000000272300021120100000003
0200002650160000000000000000001500000000000272300021120100000003
0200002650170000000000000000001200000000000272300021120100000003
0200002650180000000000000000001100000000000272300021120100000003
0200002650190000000000000000001800000000000272300021120100000003
0200002650200000000000000000001500000000000272300021120100000003
0200002650210000000000000000001200000000000272300021120100000003
0200002650220000000000000000001100000000000272300021120100000003
0200002650230000000000000000001800000000000272300021120100000003
0200002650240000000000000000001500000000000272300021120100000003
0200002650250000000000000000001200000000000272300021120100000003
0200002650260000000000000000001100000000000272300021120100000003
0200002650270000000000000000001800000000000272300021120100000003
0200001967360000000000000000001500000000000272300021120100000003
0200001967370000000000000000001200000000000272300021120100000003
0200001967380000000000000000001100000000000272300021120100000003
0200001967390000000000000000001800000000000272300021120100000003
0200001967400000000000000000001500000000000272300021120100000003
0200001967410000000000000000001200000000000272300021120100000003
0200001967420000000000000000001100000000000272300021120100000003
0200001967430000000000000000001800000000000272300021120100000003
0200001967440000000000000000001500000000000272300021120100000003
0200001967450000000000000000001200000000000272300021120100000003
0200001967460000000000000000001100000000000272300021120100000003
0200001967470000000000000000001800000000000272300021120100000003
0200001967480000000000000000001500000000000272300021120100000003
0200001967490000000000000000001200000000000272300021120100000003
0200001967500000000000000000001100000000000272300021120100000003
0200001967510000000000000000001800000000000272300021120100000003
0200001967520000000000000000001500000000000272300021120100000003
0200001967530000000000000000001200000000000272300021120100000003
0200001967540000000000000000001100000000000272300021120100000003
0200001967550000000000000000001800000000000272300021120100000003
0200001967560000000000000000001500000000000272300021120100000003
0200001967570000000000000000001200000000000272300021120100000003
0200001967580000000000000000001100000000000272300021120100000003
0200001967590000000000000000001800000000000272300021120100000003
0200001967600000000000000000001500000000000272300021120100000003
0200001967610000000000000000001200000000000272300021120100000003
0200001967620000000000000000001100000000000272300021120100000003
0200001967630000000000000000001800000000000272300021120100000003
0200001967640000000000000000001500000000000272300021120100000003
0200001967650000000000000000001200000000000272300021120100000003
0200001967660000000000000000001100000000000272300021120100000003
0200001967670000000000000000001800000000000272300021120100000003
0200001967680000000000000000001500000000000272300021120100000003
0200001967690000000000000000001200000000000272300021120100000003
0200001967700000000000000000001100000000000272300021120100000003
0200001967710000000000000000001800000000000272300021120100000003
0200001967720000000000000000001500000000000272300021120100000003
0200001967730000000000000000001200000000000272300021120100000003
0200001967740000000000000000001100000000000272300021120100000003
0200001967750000000000000000001800000000000272300021120100000003
0200001967760000000000000000001500000000000272300021120100000003
0200001967770000000000000000001200000000000272300021120100000003
0200001967780000000000000000001100000000000272300021120100000003
0200001967790000000000000000001800000000000272300021120100000003
0200001967800000000000000000001500000000000272300021120100000003
0200001967810000000000000000001200000000000272300021120100000003
0200001967820000000000000000001100000000000272300021120100000003
0200001967830000000000000000001800000000000272300021120100000003
0200001967840000000000000000001500000000000272300021120100000003
0200001967850000000000000000001200000000000272300021120100000003
0200001967860000000000000000001100000000000272300021120100000003
0200001967870000000000000000001800000000000272300021120100000003
0200001967880000000000000000001500000000000272300021120100000003
0200001967900000000000000000001200000000000272300021120100000003
0200001967920000000000000000001100000000000272300021120100000003
0200001967930000000000000000001800000000000272300021120100000003
0200001967940000000000000000001500000000000272300021120100000003
0200001967950000000000000000001200000000000272300021120100000003
0200001967960000000000000000001100000000000272300021120100000003
0200001967970000000000000000001800000000000272300021120100000003
0200001967980000000000000000001500000000000272300021120100000003
0200001967990000000000000000001200000000000272300021120100000003
0200001968010000000000000000001100000000000272300021120100000003
0200001968020000000000000000001800000000000272300021120100000003
0200001968030000000000000000001500000000000272300021120100000003
0200001968050000000000000000001200000000000272300021120100000003
0200001968070000000000000000001100000000000272300021120100000003
0200001968090000000000000000001800000000000272300021120100000003
0200001968110000000000000000001500000000000272300021120100000003
0200002650570000000000000000001200000000000272300021120100000003
0200002650580000000000000000001100000000000272300021120100000003
0200002650590000000000000000001800000000000272300021120100000003
0200002650600000000000000000001500000000000272300021120100000003
0200003693870000000000000000001200000000000272300021120100000003
0200002650620000000000000000001100000000000272300021120100000003
0200002650640000000000000000001800000000000272300021120100000003
0200002650650000000000000000001500000000000272300021120100000003
0200002650660000000000000000001200000000000272300021120100000003
0200002650670000000000000000001100000000000272300021120100000003
0200002650700000000000000000001800000000000272300021120100000003
0200002650710000000000000000001500000000000272300021120100000003
0200002650720000000000000000001200000000000272300021120100000003
0200002650730000000000000000001100000000000272300021120100000003
0200002650740000000000000000001800000000000272300021120100000003
0200002650750000000000000000001500000000000272300021120100000003
0200002650760000000000000000001200000000000272300021120100000003
0200002650770000000000000000001100000000000272300021120100000003
0200002650780000000000000000001800000000000272300021120100000003
0200002650790000000000000000001500000000000272300021120100000003
0200002650800000000000000000001200000000000272300021120100000003
0200002650810000000000000000001100000000000272300021120100000003
0200002650820000000000000000001800000000000272300021120100000003
0200002650830000000000000000001500000000000272300021120100000003
0200002650840000000000000000001200000000000272300021120100000003
0200002650850000000000000000001100000000000272300021120100000003
0200002650860000000000000000001800000000000272300021120100000003
0200002650870000000000000000001500000000000272300021120100000003
0200002650880000000000000000001200000000000272300021120100000003
0200002650890000000000000000001100000000000272300021120100000003
0200002650900000000000000000001800000000000272300021120100000003
0200002650910000000000000000001500000000000272300021120100000003
0200002650920000000000000000001200000000000272300021120100000003
0200002650930000000000000000001100000000000272300021120100000003
0200002650940000000000000000001800000000000272300021120100000003
0200002650950000000000000000001500000000000272300021120100000003
0200002650960000000000000000001200000000000272300021120100000003
0200002650970000000000000000001100000000000272300021120100000003
0200002650980000000000000000001800000000000272300021120100000003
0200002650990000000000000000001500000000000272300021120100000003
0200002651000000000000000000001200000000000272300021120100000003
0200002651010000000000000000001100000000000272300021120100000003
0200002651020000000000000000001800000000000272300021120100000003
0200002651030000000000000000001500000000000272300021120100000003
0200002651040000000000000000001200000000000272300021120100000003
0200002651050000000000000000001100000000000272300021120100000003
0200002651060000000000000000001800000000000272300021120100000003
0200002651080000000000000000001500000000000272300021120100000003
0200002651090000000000000000001200000000000272300021120100000003
0200002651100000000000000000001100000000000272300021120100000003
0200002651110000000000000000001800000000000272300021120100000003
0200002651120000000000000000001500000000000272300021120100000003
0200002651130000000000000000001200000000000272300021120100000003
0200002651140000000000000000001100000000000272300021120100000003
0200002651150000000000000000001800000000000272300021120100000003
0200002651160000000000000000001500000000000272300021120100000003
0200002651170000000000000000001200000000000272300021120100000003
0200002651180000000000000000001100000000000272300021120100000003
0200002651190000000000000000001800000000000272300021120100000003
0200002651200000000000000000001500000000000272300021120100000003
0200002651210000000000000000001200000000000272300021120100000003
0200002651220000000000000000001100000000000272300021120100000003
0200002651230000000000000000001800000000000272300021120100000003
0200002651240000000000000000001500000000000272300021120100000003
0200002651250000000000000000001200000000000272300021120100000003
0200002651260000000000000000001100000000000272300021120100000003
0200002651270000000000000000001800000000000272300021120100000003
0200002651280000000000000000001500000000000272300021120100000003
0200002651290000000000000000001200000000000272300021120100000003
0200002651300000000000000000001100000000000272300021120100000003
0200002651310000000000000000001800000000000272300021120100000003
0200001968130000000000000000001500000000000272300021120100000003
0200001968140000000000000000001200000000000272300021120100000003
0200001968170000000000000000001100000000000272300021120100000003
0200001968180000000000000000001800000000000272300021120100000003
0200001968200000000000000000001500000000000272300021120100000003
0200001968210000000000000000001200000000000272300021120100000003
0200001968230000000000000000001100000000000272300021120100000003
0200001968240000000000000000001800000000000272300021120100000003
0200001968250000000000000000001500000000000272300021120100000003
0200001968260000000000000000001200000000000272300021120100000003
0200002651400000000000000000001100000000000272300021120100000003
0200002651410000000000000000001800000000000272300021120100000003
0200002651420000000000000000001500000000000272300021120100000003
0200002651430000000000000000001200000000000272300021120100000003
0200002651440000000000000000001100000000000272300021120100000003
0200002651450000000000000000001800000000000272300021120100000003
0200002651500000000000000000001500000000000272300021120100000003
0200002651510000000000000000001200000000000272300021120100000003
0200002651520000000000000000001100000000000272300021120100000003
0200002651530000000000000000001800000000000272300021120100000003
0200002651550000000000000000001500000000000272300021120100000003
0200002651590000000000000000001200000000000272300021120100000003
0200002651660000000000000000001100000000000272300021120100000003
0200002651670000000000000000001800000000000272300021120100000003
0200002651680000000000000000001500000000000272300021120100000003
0200002651690000000000000000001200000000000272300021120100000003
0200002651700000000000000000001100000000000272300021120100000003
0200002651710000000000000000001800000000000272300021120100000003
0200002651730000000000000000001500000000000272300021120100000003
0200002651750000000000000000001200000000000272300021120100000003
0200002651760000000000000000001100000000000272300021120100000003
0200002651790000000000000000001800000000000272300021120100000003
0200002651800000000000000000001500000000000272300021120100000003
0200002651810000000000000000001200000000000272300021120100000003
0200002651850000000000000000001100000000000272300021120100000003
0200002651870000000000000000001800000000000272300021120100000003
0200002651980000000000000000001500000000000272300021120100000003
0200002651990000000000000000001200000000000272300021120100000003
0200002652000000000000000000001100000000000272300021120100000003
0200002652010000000000000000001800000000000272300021120100000003
0200002652040000000000000000001500000000000272300021120100000003
0200002652050000000000000000001200000000000272300021120100000003
0200002652070000000000000000001100000000000272300021120100000003
0200002652100000000000000000001800000000000272300021120100000003
0200002652120000000000000000001500000000000272300021120100000003
0200002652130000000000000000001200000000000272300021120100000003
0200002652170000000000000000001100000000000272300021120100000003
0200002652180000000000000000001800000000000272300021120100000003
0200002652190000000000000000001500000000000272300021120100000003
0200002652200000000000000000001200000000000272300021120100000003
0200002652230000000000000000001100000000000272300021120100000003
0200002652240000000000000000001800000000000272300021120100000003
0200002652250000000000000000001500000000000272300021120100000003
0200002652260000000000000000001200000000000272300021120100000003
0200002652270000000000000000001100000000000272300021120100000003
0200002652280000000000000000001800000000000272300021120100000003
0200002652290000000000000000001500000000000272300021120100000003
0200002652300000000000000000001200000000000272300021120100000003
0200002652310000000000000000001100000000000272300021120100000003
0200001968270000000000000000001800000000000272300021120100000003
0200002652330000000000000000001500000000000272300021120100000003
0200002652340000000000000000001200000000000272300021120100000003
0200002652350000000000000000001100000000000272300021120100000003
0200002652360000000000000000001800000000000272300021120100000003
0200002652370000000000000000001500000000000272300021120100000003
0200002652380000000000000000001200000000000272300021120100000003
0200002652390000000000000000001100000000000272300021120100000003
0200002652400000000000000000001800000000000272300021120100000003
0200002652410000000000000000001500000000000272300021120100000003
0200002652420000000000000000001200000000000272300021120100000003
0200002652430000000000000000001100000000000272300021120100000003
0200002652440000000000000000001800000000000272300021120100000003
0200002652460000000000000000001500000000000272300021120100000003
0200002652470000000000000000001200000000000272300021120100000003
0200002652480000000000000000001100000000000272300021120100000003
0200002652620000000000000000001800000000000272300021120100000003
0200002652630000000000000000001500000000000272300021120100000003
0200002652640000000000000000001200000000000272300021120100000003
0200002652650000000000000000001100000000000272300021120100000003
0200002652660000000000000000001800000000000272300021120100000003
0200002652680000000000000000001500000000000272300021120100000003
0200002652690000000000000000001200000000000272300021120100000003
0200002652700000000000000000001100000000000272300021120100000003
0200002652730000000000000000001800000000000272300021120100000003
0200002652740000000000000000001500000000000272300021120100000003
0200002652780000000000000000001200000000000272300021120100000003
0200002652790000000000000000001100000000000272300021120100000003
0200002652800000000000000000001800000000000272300021120100000003
0200002652810000000000000000001500000000000272300021120100000003
0200002652830000000000000000001200000000000272300021120100000003
0200002652840000000000000000001100000000000272300021120100000003
0200002652850000000000000000001800000000000272300021120100000003
0200002652860000000000000000001500000000000272300021120100000003
0200002652880000000000000000001200000000000272300021120100000003
0200002652900000000000000000001100000000000272300021120100000003
0200002652910000000000000000001800000000000272300021120100000003
0200002652930000000000000000001500000000000272300021120100000003
0200002652950000000000000000001200000000000272300021120100000003
0200002652960000000000000000001100000000000272300021120100000003
0200002652980000000000000000001800000000000272300021120100000003
0200002652990000000000000000001500000000000272300021120100000003
0200002653000000000000000000001200000000000272300021120100000003
0200002653030000000000000000001100000000000272300021120100000003
0200002653040000000000000000001800000000000272300021120100000003
0200002653060000000000000000001500000000000272300021120100000003
0200002653070000000000000000001200000000000272300021120100000003
0200002653080000000000000000001100000000000272300021120100000003
0200002653090000000000000000001800000000000272300021120100000003
0200002653100000000000000000001500000000000272300021120100000003
0200002653120000000000000000001200000000000272300021120100000003
0200002653130000000000000000001100000000000272300021120100000003
0200002653140000000000000000001800000000000272300021120100000003
0200002653160000000000000000001500000000000272300021120100000003
0200002653180000000000000000001200000000000272300021120100000003
0200002653260000000000000000001100000000000272300021120100000003
0200002653270000000000000000001800000000000272300021120100000003
0200002653460000000000000000001500000000000272300021120100000003
0200002653470000000000000000001200000000000272300021120100000003
0200002653480000000000000000001100000000000272300021120100000003
0200002653520000000000000000001800000000000272300021120100000003
0200002653530000000000000000001500000000000272300021120100000003
0200002653540000000000000000001200000000000272300021120100000003
0200002653640000000000000000001100000000000272300021120100000003
0200002653650000000000000000001800000000000272300021120100000003
0200002653660000000000000000001500000000000272300021120100000003
0200002653690000000000000000001200000000000272300021120100000003
0200002653700000000000000000001100000000000272300021120100000003
0200002653720000000000000000001800000000000272300021120100000003
0200002653730000000000000000001500000000000272300021120100000003
0200002653740000000000000000001200000000000272300021120100000003
0200002653760000000000000000001100000000000272300021120100000003
0200002653770000000000000000001800000000000272300021120100000003
0200002653780000000000000000001500000000000272300021120100000003
0200002653850000000000000000001200000000000272300021120100000003
0200002653860000000000000000001100000000000272300021120100000003
0200002653870000000000000000001800000000000272300021120100000003
0200002653880000000000000000001500000000000272300021120100000003
0200002653890000000000000000001200000000000272300021120100000003
0200002653920000000000000000001100000000000272300021120100000003
0200002653930000000000000000001800000000000272300021120100000003
0200002653950000000000000000001500000000000272300021120100000003
0200002653970000000000000000001200000000000272300021120100000003
0200002653980000000000000000001100000000000272300021120100000003
0200002653990000000000000000001800000000000272300021120100000003
0200002654000000000000000000001500000000000272300021120100000003
0200002654010000000000000000001200000000000272300021120100000003
0200002654020000000000000000001100000000000272300021120100000003
0200002654030000000000000000001800000000000272300021120100000003
0200002654040000000000000000001500000000000272300021120100000003
0200002654050000000000000000001200000000000272300021120100000003
0200002654060000000000000000001100000000000272300021120100000003
0200002654070000000000000000001800000000000272300021120100000003
0200002654080000000000000000001500000000000272300021120100000003
0200002654090000000000000000001200000000000272300021120100000003
0200002654140000000000000000001100000000000272300021120100000003
0200002654150000000000000000001800000000000272300021120100000003
0200002654160000000000000000001500000000000272300021120100000003
0200002654200000000000000000001200000000000272300021120100000003
0200002654220000000000000000001100000000000272300021120100000003
0200002654250000000000000000001800000000000272300021120100000003
0200003579490000000000000000001500000000000272300021120100000003
0200002654260000000000000000001200000000000272300021120100000003
0200002654270000000000000000001100000000000272300021120100000003
0200002654280000000000000000001800000000000272300021120100000003
0200002654300000000000000000001500000000000272300021120100000003
0200002654330000000000000000001200000000000272300021120100000003
0200002654340000000000000000001100000000000272300021120100000003
0200002654350000000000000000001800000000000272300021120100000003
0200002654360000000000000000001500000000000272300021120100000003
0200002479030000000000000000001200000000000272300021120100000003
0200002654370000000000000000001100000000000272300021120100000003
0200002654380000000000000000001800000000000272300021120100000003
0200002654390000000000000000001500000000000272300021120100000003
0200002654400000000000000000001200000000000272300021120100000003
0200002654420000000000000000001100000000000272300021120100000003
0200002654430000000000000000001800000000000272300021120100000003
0200002654440000000000000000001500000000000272300021120100000003
0200002654450000000000000000001200000000000272300021120100000003
0200002654460000000000000000001100000000000272300021120100000003
0200002654470000000000000000001800000000000272300021120100000003
0200002479040000000000000000001500000000000272300021120100000003
0200002479090000000000000000001200000000000272300021120100000003
0200002479100000000000000000001100000000000272300021120100000003
0200002479110000000000000000001800000000000272300021120100000003
0200002479120000000000000000001500000000000272300021120100000003
0200002479140000000000000000001200000000000272300021120100000003
0200002479160000000000000000001100000000000272300021120100000003
0200002479170000000000000000001800000000000272300021120100000003
0200002479180000000000000000001500000000000272300021120100000003
0200002479190000000000000000001200000000000272300021120100000003
0200002479200000000000000000001100000000000272300021120100000003
0200002479210000000000000000001800000000000272300021120100000003
0200002479230000000000000000001500000000000272300021120100000003
0200002479240000000000000000001200000000000272300021120100000003
0200002479250000000000000000001100000000000272300021120100000003
0200002479260000000000000000001800000000000272300021120100000003
0200002479270000000000000000001500000000000272300021120100000003
0200002479280000000000000000001200000000000272300021120100000003
0200002479290000000000000000001100000000000272300021120100000003
0200002479320000000000000000001800000000000272300021120100000003
0200002479330000000000000000001500000000000272300021120100000003
0200002479340000000000000000001200000000000272300021120100000003
0200002479350000000000000000001100000000000272300021120100000003
0200002479360000000000000000001800000000000272300021120100000003
0200002479370000000000000000001500000000000272300021120100000003
0200002479400000000000000000001200000000000272300021120100000003
0200002479450000000000000000001100000000000272300021120100000003
0200002479500000000000000000001800000000000272300021120100000003
0200002479520000000000000000001500000000000272300021120100000003
0200002479530000000000000000001200000000000272300021120100000003
0200002479550000000000000000001100000000000272300021120100000003
0200002479560000000000000000001800000000000272300021120100000003
0200002479570000000000000000001500000000000272300021120100000003
0200002479580000000000000000001200000000000272300021120100000003
0200002479590000000000000000001100000000000272300021120100000003
0200002479620000000000000000001800000000000272300021120100000003
0200002479630000000000000000001500000000000272300021120100000003
0200002479640000000000000000001200000000000272300021120100000003
0200002479650000000000000000001100000000000272300021120100000003
0200002479660000000000000000001800000000000272300021120100000003
0200002479670000000000000000001500000000000272300021120100000003
0200002479680000000000000000001200000000000272300021120100000003
0200002479690000000000000000001100000000000272300021120100000003
0200002479700000000000000000001800000000000272300021120100000003
0200002479710000000000000000001500000000000272300021120100000003
0200002479720000000000000000001200000000000272300021120100000003
0200002479730000000000000000001100000000000272300021120100000003
0200002479740000000000000000001800000000000272300021120100000003
0200002479750000000000000000001500000000000272300021120100000003
0200002479760000000000000000001200000000000272300021120100000003
0200002479770000000000000000001100000000000272300021120100000003
0200002479780000000000000000001800000000000272300021120100000003
0200002479790000000000000000001500000000000272300021120100000003
0200002479800000000000000000001200000000000272300021120100000003
0200002479810000000000000000001100000000000272300021120100000003
0200002479820000000000000000001800000000000272300021120100000003
0200002479830000000000000000001500000000000272300021120100000003
0200002479840000000000000000001200000000000272300021120100000003
0200002479850000000000000000001100000000000272300021120100000003
0200002479860000000000000000001800000000000272300021120100000003
0200002479870000000000000000001500000000000272300021120100000003
0200002479880000000000000000001200000000000272300021120100000003
0200002479890000000000000000001100000000000272300021120100000003
0200002479900000000000000000001800000000000272300021120100000003
0200002479910000000000000000001500000000000272300021120100000003
0200002479920000000000000000001200000000000272300021120100000003
0200002479930000000000000000001100000000000272300021120100000003
0200002479940000000000000000001800000000000272300021120100000003
0200002479950000000000000000001500000000000272300021120100000003
0200002479960000000000000000001200000000000272300021120100000003
0200002479970000000000000000001100000000000272300021120100000003
0200002479990000000000000000001800000000000272300021120100000003
0200002480000000000000000000001500000000000272300021120100000003
0200002480010000000000000000001200000000000272300021120100000003
0200002480020000000000000000001100000000000272300021120100000003
0200002480030000000000000000001800000000000272300021120100000003
0200002480040000000000000000001500000000000272300021120100000003
0200002480050000000000000000001200000000000272300021120100000003
0200002480060000000000000000001100000000000272300021120100000003
0200002480070000000000000000001800000000000272300021120100000003
0200002480100000000000000000001500000000000272300021120100000003
0200002480110000000000000000001200000000000272300021120100000003
0200002480120000000000000000001100000000000272300021120100000003
0200002480130000000000000000001800000000000272300021120100000003
0200002480140000000000000000001500000000000272300021120100000003
0200002480150000000000000000001200000000000272300021120100000003
0200002480160000000000000000001100000000000272300021120100000003
0200002480170000000000000000001800000000000272300021120100000003
0200002480180000000000000000001500000000000272300021120100000003
0200002480190000000000000000001200000000000272300021120100000003
0200002480200000000000000000001100000000000272300021120100000003
0200002480210000000000000000001800000000000272300021120100000003
0200002480220000000000000000001500000000000272300021120100000003
0200002480230000000000000000001200000000000272300021120100000003
0200002480240000000000000000001100000000000272300021120100000003
0200002480250000000000000000001800000000000272300021120100000003
0200002480260000000000000000001500000000000272300021120100000003
0200002480270000000000000000001200000000000272300021120100000003
0200002480280000000000000000001100000000000272300021120100000003
0200002480290000000000000000001800000000000272300021120100000003
0200002480300000000000000000001500000000000272300021120100000003
0200002480310000000000000000001200000000000272300021120100000003
0200002480320000000000000000001100000000000272300021120100000003
0200002480330000000000000000001800000000000272300021120100000003
0200002480340000000000000000001500000000000272300021120100000003
0200002480350000000000000000001200000000000272300021120100000003
0200002480360000000000000000001100000000000272300021120100000003
0200002480370000000000000000001800000000000272300021120100000003
0200002480380000000000000000001500000000000272300021120100000003
0200002480390000000000000000001200000000000272300021120100000003
0200002480400000000000000000001100000000000272300021120100000003
0200002480410000000000000000001800000000000272300021120100000003
0200002480420000000000000000001500000000000272300021120100000003
0200002480430000000000000000001200000000000272300021120100000003
0200002480440000000000000000001100000000000272300021120100000003
0200002480450000000000000000001800000000000272300021120100000003
0200002480460000000000000000001500000000000272300021120100000003
0200002480470000000000000000001200000000000272300021120100000003
0200002480480000000000000000001100000000000272300021120100000003
0200002480490000000000000000001800000000000272300021120100000003
0200002480500000000000000000001500000000000272300021120100000003
0200002480510000000000000000001200000000000272300021120100000003
0200002480520000000000000000001100000000000272300021120100000003
0200002480530000000000000000001800000000000272300021120100000003
0200002480540000000000000000001500000000000272300021120100000003
0200002480550000000000000000001200000000000272300021120100000003
0200002480560000000000000000001100000000000272300021120100000003
0200002480570000000000000000001800000000000272300021120100000003
0200002480580000000000000000001500000000000272300021120100000003
0200002480590000000000000000001200000000000272300021120100000003
0200002480600000000000000000001100000000000272300021120100000003
0200002480610000000000000000001800000000000272300021120100000003
0200002480620000000000000000001500000000000272300021120100000003
0200002480630000000000000000001200000000000272300021120100000003
0200002480640000000000000000001100000000000272300021120100000003
0200002480650000000000000000001800000000000272300021120100000003
0200002480660000000000000000001500000000000272300021120100000003
0200002480670000000000000000001200000000000272300021120100000003
0200002480680000000000000000001100000000000272300021120100000003
0200002480690000000000000000001800000000000272300021120100000003
0200002480700000000000000000001500000000000272300021120100000003
0200002480710000000000000000001200000000000272300021120100000003
0200002480720000000000000000001100000000000272300021120100000003
0200002480940000000000000000001800000000000272300021120100000003
0200002480950000000000000000001500000000000272300021120100000003
0200002480960000000000000000001200000000000272300021120100000003
0200002480970000000000000000001100000000000272300021120100000003
0200002480980000000000000000001800000000000272300021120100000003
0200002480990000000000000000001500000000000272300021120100000003
0200002481000000000000000000001200000000000272300021120100000003
0200002481010000000000000000001100000000000272300021120100000003
0200002481020000000000000000001800000000000272300021120100000003
0200002481030000000000000000001500000000000272300021120100000003
0200002481040000000000000000001200000000000272300021120100000003
0200002481050000000000000000001100000000000272300021120100000003
0200002481060000000000000000001800000000000272300021120100000003
0200002481070000000000000000001500000000000272300021120100000003
0200002481080000000000000000001200000000000272300021120100000003
0200002481090000000000000000001100000000000272300021120100000003
0200002481100000000000000000001800000000000272300021120100000003
0200002481110000000000000000001500000000000272300021120100000003
0200002481120000000000000000001200000000000272300021120100000003
0200002481130000000000000000001100000000000272300021120100000003
0200002481140000000000000000001800000000000272300021120100000003
0200002481150000000000000000001500000000000272300021120100000003
0200002481160000000000000000001200000000000272300021120100000003
0200002481170000000000000000001100000000000272300021120100000003
0200002481180000000000000000001800000000000272300021120100000003
0200002481200000000000000000001500000000000272300021120100000003
0200002481210000000000000000001200000000000272300021120100000003
0200002481230000000000000000001100000000000272300021120100000003
0200002481260000000000000000001800000000000272300021120100000003
0200002481270000000000000000001500000000000272300021120100000003
0200002481390000000000000000001200000000000272300021120100000003
0200002481400000000000000000001100000000000272300021120100000003
0200002481420000000000000000001800000000000272300021120100000003
0200002481430000000000000000001500000000000272300021120100000003
0200002481440000000000000000001200000000000272300021120100000003
0200002481450000000000000000001100000000000272300021120100000003
0200002481460000000000000000001800000000000272300021120100000003
0200002481470000000000000000001500000000000272300021120100000003
0200002481480000000000000000001200000000000272300021120100000003
0200002481490000000000000000001100000000000272300021120100000003
0200002481500000000000000000001800000000000272300021120100000003
0200002481510000000000000000001500000000000272300021120100000003
0200002481520000000000000000001200000000000272300021120100000003
0200002481540000000000000000001100000000000272300021120100000003
0200002481550000000000000000001800000000000272300021120100000003
0200002481560000000000000000001500000000000272300021120100000003
0200002481570000000000000000001200000000000272300021120100000003
0200002481580000000000000000001100000000000272300021120100000003
0200002481630000000000000000001800000000000272300021120100000003
0200002481670000000000000000001500000000000272300021120100000003
0200002481750000000000000000001200000000000272300021120100000003
0200002481790000000000000000001100000000000272300021120100000003
0200002481810000000000000000001800000000000272300021120100000003
0200002481860000000000000000001500000000000272300021120100000003
0200002482010000000000000000001200000000000272300021120100000003
0200002482040000000000000000001100000000000272300021120100000003
0200002482050000000000000000001800000000000272300021120100000003
0200002482060000000000000000001500000000000272300021120100000003
0200002482070000000000000000001200000000000272300021120100000003
0200002482080000000000000000001100000000000272300021120100000003
0200002482090000000000000000001800000000000272300021120100000003
0200002482100000000000000000001500000000000272300021120100000003
0200002482110000000000000000001200000000000272300021120100000003
0200002482120000000000000000001100000000000272300021120100000003
0200002482130000000000000000001800000000000272300021120100000003
0200002482140000000000000000001500000000000272300021120100000003
0200002482150000000000000000001200000000000272300021120100000003
0200002482210000000000000000001100000000000272300021120100000003
0200002482260000000000000000001800000000000272300021120100000003
0200002482270000000000000000001500000000000272300021120100000003
0200002482280000000000000000001200000000000272300021120100000003
0200002482290000000000000000001100000000000272300021120100000003
0200002482300000000000000000001800000000000272300021120100000003
0200002482310000000000000000001500000000000272300021120100000003
0200002482320000000000000000001200000000000272300021120100000003
0200002482330000000000000000001100000000000272300021120100000003
0200002482350000000000000000001800000000000272300021120100000003
0200002482360000000000000000001500000000000272300021120100000003
0200002482370000000000000000001200000000000272300021120100000003
0200002654480000000000000000001100000000000272300021120100000003
0200002654490000000000000000001800000000000272300021120100000003
0200002654500000000000000000001500000000000272300021120100000003
0200002654520000000000000000001200000000000272300021120100000003
0200002654530000000000000000001100000000000272300021120100000003
0200002654540000000000000000001800000000000272300021120100000003
0200002482380000000000000000001500000000000272300021120100000003
0200002482390000000000000000001200000000000272300021120100000003
0200002482400000000000000000001100000000000272300021120100000003
0200002482410000000000000000001800000000000272300021120100000003
0200002482420000000000000000001500000000000272300021120100000003
0200002482430000000000000000001200000000000272300021120100000003
0200002482440000000000000000001100000000000272300021120100000003
0200002482450000000000000000001800000000000272300021120100000003
0200002482460000000000000000001500000000000272300021120100000003
0200002482470000000000000000001200000000000272300021120100000003
0200002654550000000000000000001100000000000272300021120100000003
0200002654560000000000000000001800000000000272300021120100000003
0200002654570000000000000000001500000000000272300021120100000003
0200002482480000000000000000001200000000000272300021120100000003
0200002654630000000000000000001100000000000272300021120100000003
0200002654640000000000000000001800000000000272300021120100000003
0200002654650000000000000000001500000000000272300021120100000003
0200002654660000000000000000001200000000000272300021120100000003
0200002654670000000000000000001100000000000272300021120100000003
0200002654680000000000000000001800000000000272300021120100000003
0200002654690000000000000000001500000000000272300021120100000003
0200002654700000000000000000001200000000000272300021120100000003
0200002654710000000000000000001100000000000272300021120100000003
0200002654720000000000000000001800000000000272300021120100000003
0200002654750000000000000000001500000000000272300021120100000003
0200002654760000000000000000001200000000000272300021120100000003
0200002654770000000000000000001100000000000272300021120100000003
0200002654780000000000000000001800000000000272300021120100000003
0200002654790000000000000000001500000000000272300021120100000003
0200002654800000000000000000001200000000000272300021120100000003
0200002654820000000000000000001100000000000272300021120100000003
0200002654830000000000000000001800000000000272300021120100000003
0200002654840000000000000000001500000000000272300021120100000003
0200002654850000000000000000001200000000000272300021120100000003
0200002654860000000000000000001100000000000272300021120100000003
0200002654870000000000000000001800000000000272300021120100000003
0200002654880000000000000000001500000000000272300021120100000003
0200002654890000000000000000001200000000000272300021120100000003
0200002654900000000000000000001100000000000272300021120100000003
0200002654910000000000000000001800000000000272300021120100000003
0200002654920000000000000000001500000000000272300021120100000003
0200002654930000000000000000001200000000000272300021120100000003
0200002654940000000000000000001100000000000272300021120100000003
0200002654950000000000000000001800000000000272300021120100000003
0200002654970000000000000000001500000000000272300021120100000003
0200002654980000000000000000001200000000000272300021120100000003
0200002654990000000000000000001100000000000272300021120100000003
0200002655000000000000000000001800000000000272300021120100000003
0200002655010000000000000000001500000000000272300021120100000003
0200002655040000000000000000001200000000000272300021120100000003
0200002655050000000000000000001100000000000272300021120100000003
0200002655060000000000000000001800000000000272300021120100000003
0200002655080000000000000000001500000000000272300021120100000003
0200002655110000000000000000001200000000000272300021120100000003
0200002655140000000000000000001100000000000272300021120100000003
0200002655150000000000000000001800000000000272300021120100000003
0200002655160000000000000000001500000000000272300021120100000003
0200002655170000000000000000001200000000000272300021120100000003
0200002655180000000000000000001100000000000272300021120100000003
0200002655190000000000000000001800000000000272300021120100000003
0200002655200000000000000000001500000000000272300021120100000003
0200002655270000000000000000001200000000000272300021120100000003
0200002655280000000000000000001100000000000272300021120100000003
0200002655290000000000000000001800000000000272300021120100000003
0200002655310000000000000000001500000000000272300021120100000003
0200002655320000000000000000001200000000000272300021120100000003
0200002655330000000000000000001100000000000272300021120100000003
0200002655340000000000000000001800000000000272300021120100000003
0200002655360000000000000000001500000000000272300021120100000003
0200002655370000000000000000001200000000000272300021120100000003
0200002655390000000000000000001100000000000272300021120100000003
0200002655400000000000000000001800000000000272300021120100000003
0200002655410000000000000000001500000000000272300021120100000003
0200002655420000000000000000001200000000000272300021120100000003
0200002655440000000000000000001100000000000272300021120100000003
0200002655480000000000000000001800000000000272300021120100000003
0200002655490000000000000000001500000000000272300021120100000003
0200002655500000000000000000001200000000000272300021120100000003
0200002655510000000000000000001100000000000272300021120100000003
0200002655520000000000000000001800000000000272300021120100000003
0200002655530000000000000000001500000000000272300021120100000003
0200002655540000000000000000001200000000000272300021120100000003
0200002655560000000000000000001100000000000272300021120100000003
0200002655570000000000000000001800000000000272300021120100000003
0200002655580000000000000000001500000000000272300021120100000003
0200002655590000000000000000001200000000000272300021120100000003
0200002655600000000000000000001100000000000272300021120100000003
0200002655620000000000000000001800000000000272300021120100000003
0200002655630000000000000000001500000000000272300021120100000003
0200002655650000000000000000001200000000000272300021120100000003
0200002655670000000000000000001100000000000272300021120100000003
0200002655680000000000000000001800000000000272300021120100000003
0200002655690000000000000000001500000000000272300021120100000003
0200002655710000000000000000001200000000000272300021120100000003
0200002655730000000000000000001100000000000272300021120100000003
0200002655740000000000000000001800000000000272300021120100000003
0200002655750000000000000000001500000000000272300021120100000003
0200002655770000000000000000001200000000000272300021120100000003
0200003355100000000000000000001100000000000272300021120100000003
0200002655780000000000000000001800000000000272300021120100000003
0200002655790000000000000000001500000000000272300021120100000003
0200002655800000000000000000001200000000000272300021120100000003
0200002655810000000000000000001100000000000272300021120100000003
0200002655820000000000000000001800000000000272300021120100000003
0200002655830000000000000000001500000000000272300021120100000003
0200002655840000000000000000001200000000000272300021120100000003
0200002655850000000000000000001100000000000272300021120100000003
0200002655860000000000000000001800000000000272300021120100000003
0200002655870000000000000000001500000000000272300021120100000003
0200002655880000000000000000001200000000000272300021120100000003
0200002655890000000000000000001100000000000272300021120100000003
0200002655900000000000000000001800000000000272300021120100000003
0200002655910000000000000000001500000000000272300021120100000003
0200002655920000000000000000001200000000000272300021120100000003
0200002655930000000000000000001100000000000272300021120100000003
0200002655940000000000000000001800000000000272300021120100000003
0200002655960000000000000000001500000000000272300021120100000003
0200002655990000000000000000001200000000000272300021120100000003
0200001968280000000000000000001100000000000272300021120100000003
0200001968290000000000000000001800000000000272300021120100000003
0200001968300000000000000000001500000000000272300021120100000003
0200001968310000000000000000001200000000000272300021120100000003
0200001968320000000000000000001100000000000272300021120100000003
0200001968330000000000000000001800000000000272300021120100000003
0200001968340000000000000000001500000000000272300021120100000003
0200001968350000000000000000001200000000000272300021120100000003
0200001968360000000000000000001100000000000272300021120100000003
0200001968370000000000000000001800000000000272300021120100000003
0200001968380000000000000000001500000000000272300021120100000003
0200001968390000000000000000001200000000000272300021120100000003
0200001968400000000000000000001100000000000272300021120100000003
0200001968430000000000000000001800000000000272300021120100000003
0200001968440000000000000000001500000000000272300021120100000003
0200001968450000000000000000001200000000000272300021120100000003
0200001968460000000000000000001100000000000272300021120100000003
0200001968470000000000000000001800000000000272300021120100000003
0200001968480000000000000000001500000000000272300021120100000003
0200001968510000000000000000001200000000000272300021120100000003
0200001968530000000000000000001100000000000272300021120100000003
0200001968540000000000000000001800000000000272300021120100000003
0200001968550000000000000000001500000000000272300021120100000003
0200001968560000000000000000001200000000000272300021120100000003
0200001968580000000000000000001100000000000272300021120100000003
0200001968590000000000000000001800000000000272300021120100000003
0200001968600000000000000000001500000000000272300021120100000003
0200001968610000000000000000001200000000000272300021120100000003
0200001968620000000000000000001100000000000272300021120100000003
0200001968630000000000000000001800000000000272300021120100000003
0200001968640000000000000000001500000000000272300021120100000003
0200001968650000000000000000001200000000000272300021120100000003
0200001968660000000000000000001100000000000272300021120100000003
0200001968670000000000000000001800000000000272300021120100000003
0200001968680000000000000000001500000000000272300021120100000003
0200001968700000000000000000001200000000000272300021120100000003
0200004697450000000000000000001100000000000272300021120100000003
0200001968710000000000000000001800000000000272300021120100000003
0200001968730000000000000000001500000000000272300021120100000003
0200001968740000000000000000001200000000000272300021120100000003
0200001968750000000000000000001100000000000272300021120100000003
0200001968760000000000000000001800000000000272300021120100000003
0200001968770000000000000000001500000000000272300021120100000003
0200004293970000000000000000001200000000000272300021120100000003
0200001968820000000000000000001100000000000272300021120100000003
0200001968830000000000000000001800000000000272300021120100000003
0200001968840000000000000000001500000000000272300021120100000003
0200001968850000000000000000001200000000000272300021120100000003
0200001968860000000000000000001100000000000272300021120100000003
0200001968870000000000000000001800000000000272300021120100000003
0200001968880000000000000000001500000000000272300021120100000003
0200001968890000000000000000001200000000000272300021120100000003
0200001968900000000000000000001100000000000272300021120100000003
0200001968920000000000000000001800000000000272300021120100000003
0200001968930000000000000000001500000000000272300021120100000003
0200001968940000000000000000001200000000000272300021120100000003
0200001968960000000000000000001100000000000272300021120100000003
0200004293980000000000000000001800000000000272300021120100000003
0200001968990000000000000000001500000000000272300021120100000003
0200001969000000000000000000001200000000000272300021120100000003
0200001969010000000000000000001100000000000272300021120100000003
0200001969030000000000000000001800000000000272300021120100000003
0200001969040000000000000000001500000000000272300021120100000003
0200001969050000000000000000001200000000000272300021120100000003
0200001969060000000000000000001100000000000272300021120100000003
0200001969070000000000000000001800000000000272300021120100000003
0200001969080000000000000000001500000000000272300021120100000003
0200001969110000000000000000001200000000000272300021120100000003
0200001969130000000000000000001100000000000272300021120100000003
0200001969140000000000000000001800000000000272300021120100000003
0200001969150000000000000000001500000000000272300021120100000003
0200001969190000000000000000001200000000000272300021120100000003
0200001969260000000000000000001100000000000272300021120100000003
0200001969270000000000000000001800000000000272300021120100000003
0200001969280000000000000000001500000000000272300021120100000003
0200001969290000000000000000001200000000000272300021120100000003
0200001969310000000000000000001100000000000272300021120100000003
0200001969320000000000000000001800000000000272300021120100000003
0200001969340000000000000000001500000000000272300021120100000003
0200001969350000000000000000001200000000000272300021120100000003
0200002656020000000000000000001100000000000272300021120100000003
0200001969510000000000000000001800000000000272300021120100000003
0200001969520000000000000000001500000000000272300021120100000003
0200001969530000000000000000001200000000000272300021120100000003
0200001969540000000000000000001100000000000272300021120100000003
0200001969550000000000000000001800000000000272300021120100000003
0200001969560000000000000000001500000000000272300021120100000003
0200001969570000000000000000001200000000000272300021120100000003
0200001969580000000000000000001100000000000272300021120100000003
0200001969590000000000000000001800000000000272300021120100000003
0200001969600000000000000000001500000000000272300021120100000003
0200001969610000000000000000001200000000000272300021120100000003
0200001969620000000000000000001100000000000272300021120100000003
0200001969630000000000000000001800000000000272300021120100000003
0200001969640000000000000000001500000000000272300021120100000003
0200001969650000000000000000001200000000000272300021120100000003
0200001969660000000000000000001100000000000272300021120100000003
0200001969670000000000000000001800000000000272300021120100000003
0200001969680000000000000000001500000000000272300021120100000003
0200001969690000000000000000001200000000000272300021120100000003
0200001969700000000000000000001100000000000272300021120100000003
0200001969710000000000000000001800000000000272300021120100000003
0200001969720000000000000000001500000000000272300021120100000003
0200001969730000000000000000001200000000000272300021120100000003
0200001969740000000000000000001100000000000272300021120100000003
0200001969750000000000000000001800000000000272300021120100000003
0200001969760000000000000000001500000000000272300021120100000003
0200001969770000000000000000001200000000000272300021120100000003
0200001969780000000000000000001100000000000272300021120100000003
0200001969790000000000000000001800000000000272300021120100000003
0200001969800000000000000000001500000000000272300021120100000003
0200001969810000000000000000001200000000000272300021120100000003
0200001969820000000000000000001100000000000272300021120100000003
0200001969830000000000000000001800000000000272300021120100000003
0200001969840000000000000000001500000000000272300021120100000003
0200001969850000000000000000001200000000000272300021120100000003
0200001969860000000000000000001100000000000272300021120100000003
0200001969870000000000000000001800000000000272300021120100000003
0200001969880000000000000000001500000000000272300021120100000003
0200001969890000000000000000001200000000000272300021120100000003
0200001969900000000000000000001100000000000272300021120100000003
0200001969910000000000000000001800000000000272300021120100000003
0200001969920000000000000000001500000000000272300021120100000003
0200001969930000000000000000001200000000000272300021120100000003
0200001969940000000000000000001100000000000272300021120100000003
0200001969950000000000000000001800000000000272300021120100000003
0200001969960000000000000000001500000000000272300021120100000003
0200001969970000000000000000001200000000000272300021120100000003
0200001969980000000000000000001100000000000272300021120100000003
0200001969990000000000000000001800000000000272300021120100000003
0200001970000000000000000000001500000000000272300021120100000003
0200001970010000000000000000001200000000000272300021120100000003
0200001970020000000000000000001100000000000272300021120100000003
0200001970030000000000000000001800000000000272300021120100000003
0200001970040000000000000000001500000000000272300021120100000003
0200001970050000000000000000001200000000000272300021120100000003
0200001970060000000000000000001100000000000272300021120100000003
0200001970100000000000000000001800000000000272300021120100000003
0200001970110000000000000000001500000000000272300021120100000003
0200001970120000000000000000001200000000000272300021120100000003
0200001970140000000000000000001100000000000272300021120100000003
0200001970150000000000000000001800000000000272300021120100000003
0200001970330000000000000000001500000000000272300021120100000003
0200001970340000000000000000001200000000000272300021120100000003
0200001970350000000000000000001100000000000272300021120100000003
0200001970360000000000000000001800000000000272300021120100000003
0200001970370000000000000000001500000000000272300021120100000003
0200001970380000000000000000001200000000000272300021120100000003
0200001970390000000000000000001100000000000272300021120100000003
0200001970400000000000000000001800000000000272300021120100000003
0200001970460000000000000000001500000000000272300021120100000003
0200001970490000000000000000001200000000000272300021120100000003
0200001970500000000000000000001100000000000272300021120100000003
0200001970510000000000000000001800000000000272300021120100000003
0200001970520000000000000000001500000000000272300021120100000003
0200001970540000000000000000001200000000000272300021120100000003
0200001970560000000000000000001100000000000272300021120100000003
0200001970570000000000000000001800000000000272300021120100000003
0200001970580000000000000000001500000000000272300021120100000003
0200001970600000000000000000001200000000000272300021120100000003
0200001970610000000000000000001100000000000272300021120100000003
0200001970620000000000000000001800000000000272300021120100000003
0200001970630000000000000000001500000000000272300021120100000003
0200001970640000000000000000001200000000000272300021120100000003
0200001970650000000000000000001100000000000272300021120100000003
0200001970720000000000000000001800000000000272300021120100000003
0200001970760000000000000000001500000000000272300021120100000003
0200002482490000000000000000001200000000000272300021120100000003
0200003632770000000000000000001100000000000272300021120100000003
0200002656940000000000000000001800000000000272300021120100000003
0200004594890000000000000000001500000000000272300021120100000003
0200001971060000000000000000001200000000000272300021120100000003
0200001971070000000000000000001100000000000272300021120100000003
0200001971080000000000000000001800000000000272300021120100000003
0200001971090000000000000000001500000000000272300021120100000003
0200001971100000000000000000001200000000000272300021120100000003
0200001971110000000000000000001100000000000272300021120100000003
0200001971120000000000000000001800000000000272300021120100000003
0200001971130000000000000000001500000000000272300021120100000003
0200001971140000000000000000001200000000000272300021120100000003
0200001971150000000000000000001100000000000272300021120100000003
0200001971160000000000000000001800000000000272300021120100000003
0200001971170000000000000000001500000000000272300021120100000003
0200001971180000000000000000001200000000000272300021120100000003
0200001971190000000000000000001100000000000272300021120100000003
0200001971200000000000000000001800000000000272300021120100000003
0200001971210000000000000000001500000000000272300021120100000003
0200001971220000000000000000001200000000000272300021120100000003
0200001971230000000000000000001100000000000272300021120100000003
0200001971240000000000000000001800000000000272300021120100000003
0200001971250000000000000000001500000000000272300021120100000003
0200001971260000000000000000001200000000000272300021120100000003
0200001971270000000000000000001100000000000272300021120100000003
0200001971280000000000000000001800000000000272300021120100000003
0200001971410000000000000000001500000000000272300021120100000003
0200001971420000000000000000001200000000000272300021120100000003
0200001971430000000000000000001100000000000272300021120100000003
0200001971440000000000000000001800000000000272300021120100000003
0200001971450000000000000000001500000000000272300021120100000003
0200001971460000000000000000001200000000000272300021120100000003
0200001971470000000000000000001100000000000272300021120100000003
0200001971480000000000000000001800000000000272300021120100000003
0200001971490000000000000000001500000000000272300021120100000003
0200001971500000000000000000001200000000000272300021120100000003
0200001971510000000000000000001100000000000272300021120100000003
0200001971520000000000000000001800000000000272300021120100000003
0200001971530000000000000000001500000000000272300021120100000003
0200001971540000000000000000001200000000000272300021120100000003
0200001971550000000000000000001100000000000272300021120100000003
0200001971560000000000000000001800000000000272300021120100000003
0200001971570000000000000000001500000000000272300021120100000003
0200001971580000000000000000001200000000000272300021120100000003
0200001971590000000000000000001100000000000272300021120100000003
0200001971600000000000000000001800000000000272300021120100000003
0200001971660000000000000000001500000000000272300021120100000003
0200001971740000000000000000001200000000000272300021120100000003
0200001971750000000000000000001100000000000272300021120100000003
0200001971760000000000000000001800000000000272300021120100000003
0200001971830000000000000000001500000000000272300021120100000003
0200001971840000000000000000001200000000000272300021120100000003
0200001971850000000000000000001100000000000272300021120100000003
0200001971860000000000000000001800000000000272300021120100000003
0200001972480000000000000000001500000000000272300021120100000003
0200001972490000000000000000001200000000000272300021120100000003
0200001972500000000000000000001100000000000272300021120100000003
0200001972510000000000000000001800000000000272300021120100000003
0200001972520000000000000000001500000000000272300021120100000003
0200001972530000000000000000001200000000000272300021120100000003
0200001972910000000000000000001100000000000272300021120100000003
0200001972930000000000000000001800000000000272300021120100000003
0200001972940000000000000000001500000000000272300021120100000003
0200001972950000000000000000001200000000000272300021120100000003
0200001972960000000000000000001100000000000272300021120100000003
0200001972970000000000000000001800000000000272300021120100000003
0200001972990000000000000000001500000000000272300021120100000003
0200001973050000000000000000001200000000000272300021120100000003
0200001973060000000000000000001100000000000272300021120100000003
0200001973070000000000000000001800000000000272300021120100000003
0200001973080000000000000000001500000000000272300021120100000003
0200001973090000000000000000001200000000000272300021120100000003
0200001973100000000000000000001100000000000272300021120100000003
0200001973110000000000000000001800000000000272300021120100000003
0200001973120000000000000000001500000000000272300021120100000003
0200001973130000000000000000001200000000000272300021120100000003
0200001973140000000000000000001100000000000272300021120100000003
0200001973150000000000000000001800000000000272300021120100000003
0200001973160000000000000000001500000000000272300021120100000003
0200001973180000000000000000001200000000000272300021120100000003
0200001973190000000000000000001100000000000272300021120100000003
0200001973200000000000000000001800000000000272300021120100000003
0200001973230000000000000000001500000000000272300021120100000003
0200001973240000000000000000001200000000000272300021120100000003
0200002482500000000000000000001100000000000272300021120100000003
0200002482510000000000000000001800000000000272300021120100000003
0200002482520000000000000000001500000000000272300021120100000003
0200002482530000000000000000001200000000000272300021120100000003
0200002482540000000000000000001100000000000272300021120100000003
0200002482550000000000000000001800000000000272300021120100000003
0200002482560000000000000000001500000000000272300021120100000003
0200002482570000000000000000001200000000000272300021120100000003
0200002482580000000000000000001100000000000272300021120100000003
0200001973250000000000000000001800000000000272300021120100000003
0200001973260000000000000000001500000000000272300021120100000003
0200001973270000000000000000001200000000000272300021120100000003
0200001973280000000000000000001100000000000272300021120100000003
0200001973290000000000000000001800000000000272300021120100000003
0200001973300000000000000000001500000000000272300021120100000003
0200001973310000000000000000001200000000000272300021120100000003
0200001973320000000000000000001100000000000272300021120100000003
0200001973330000000000000000001800000000000272300021120100000003
0200001973350000000000000000001500000000000272300021120100000003
0200001973370000000000000000001200000000000272300021120100000003
0200001973380000000000000000001100000000000272300021120100000003
0200001973390000000000000000001800000000000272300021120100000003
0200001973400000000000000000001500000000000272300021120100000003
0200001973410000000000000000001200000000000272300021120100000003
0200001973420000000000000000001100000000000272300021120100000003
0200001973430000000000000000001800000000000272300021120100000003
0200001973440000000000000000001500000000000272300021120100000003
0200001973450000000000000000001200000000000272300021120100000003
0200001973460000000000000000001100000000000272300021120100000003
0200001973490000000000000000001800000000000272300021120100000003
0200001973510000000000000000001500000000000272300021120100000003
0200001973520000000000000000001200000000000272300021120100000003
0200001973530000000000000000001100000000000272300021120100000003
0200001973540000000000000000001800000000000272300021120100000003
0200001973550000000000000000001500000000000272300021120100000003
0200001973560000000000000000001200000000000272300021120100000003
0200001973570000000000000000001100000000000272300021120100000003
0200001973580000000000000000001800000000000272300021120100000003
0200001973590000000000000000001500000000000272300021120100000003
0200001973600000000000000000001200000000000272300021120100000003
0200001973610000000000000000001100000000000272300021120100000003
0200001973630000000000000000001800000000000272300021120100000003
0200001973650000000000000000001500000000000272300021120100000003
0200001973660000000000000000001200000000000272300021120100000003
0200001973680000000000000000001100000000000272300021120100000003
0200001973690000000000000000001800000000000272300021120100000003
0200001973700000000000000000001500000000000272300021120100000003
0200001973710000000000000000001200000000000272300021120100000003
0200001973720000000000000000001100000000000272300021120100000003
0200001973730000000000000000001800000000000272300021120100000003
0900000000500004000000000000000000000                    0000006

