01742212050009                                           0000000
0200004555252212182211210000001662000000000000000022113000000047
0200004555262212182211210000001662000000000000000022113000000047
0200004555282212182211210000001662000000000000000022113000000047
0200004555292212182211210000001662000000000000000022113000000047
0200004555302212182211210000001662000000000000000022113000000047
0200004555312212182211210000001662000000000000000022113000000047
0200004555322212182211210000001624300000000000000022113000000047
0200004555332212182211210000001624300000000000000022113000000047
0200004555342212182211210000001624300000000000000022113000000047
0200004555352212182211210000001662000000000000000022113000000047
0200004555362212182211210000001624300000000000000022113000000047
0200004555372212182211210000001662000000000000000022113000000047
0200004555382212182211210000001662000000000000000022113000000047
0200004555392212182211210000001624300000000000000022113000000047
0200004555402212182211210000001624300000000000000022113000000047
0200004555412212182211210000001662000000000000000022113000000047
0200004555432212182211210000001624300000000000000022113000000047
0200004555442212182211210000001624300000000000000022113000000047
0200004555452212182211210000001624300000000000000022113000000047
0200004555462212182211210000001624300000000000000022113000000047
0200004555472212182211210000001662000000000000000022113000000047
0200004555482212182211210000001624300000000000000022113000000047
0200004555502212182211210000001662000000000000000022113000000047
0200004555512212182211210000001662000000000000000022113000000047
0200004555522212182211210000001662000000000000000022113000000047
0200004555532212182211210000001662000000000000000022113000000047
0200004555542212182211210000001662000000000000000022113000000047
0200004555552212182211210000001624300000000000000022113000000047
0200004555562212182211210000001662000000000000000022113000000047
0200004555572212182211210000001662000000000000000022113000000047
0200004555582212182211210000001662000000000000000022113000000047
0200004555602212182211210000001662000000000000000022113000000047
0200004555622212182211210000001662000000000000000022113000000047
0200004555632212182211210000001886700000000000000022113000000047
0200004555652212182211210000003552700000000000000022113000000047
0200004555682212182211210000001886700000000000000022113000000047
0200004555692212182211210000001662000000000000000022113000000047
0200004555702212182211210000001662000000000000000022113000000047
0200004555732212182211210000001662000000000000000022113000000047
0200004555742212182211210000001662000000000000000022113000000047
0200004555752212182211210000001662000000000000000022113000000047
0200004555762212182211210000001662000000000000000022113000000047
0200004555772212182211210000001662000000000000000022113000000047
0200004555792212182211210000001662000000000000000022113000000047
0200004555802212182211210000002747600000000000000022113000000047
0200004555812212182211210000006488400000000000000022113000000047
0200004555832212182211210000002656800000000000000022113000000047
0200004555842212182211210000001886700000000000000022113000000047
0200004555852212182211210000002656800000000000000022113000000047
0200004555862212182211210000001662000000000000000022113000000047
0200004555872212182211210000006803200000000000000022113000000047
0200004555892212182211210000001662000000000000000022113000000047
0200004555902212182211210000001662000000000000000022113000000047
0200004555922212182211210000001886700000000000000022113000000047
0200004555932212182211210000001662000000000000000022113000000047
0200004555952212182211210000002656800000000000000022113000000047
0200004555972212182211210000003618700000000000000022113000000047
0200004555982212182211210000002656800000000000000022113000000047
0200004556022212182211210000001662000000000000000022113000000047
0200004556032212182211210000001662000000000000000022113000000047
0200004556082212182211210000001662000000000000000022113000000047
0200004556092212182211210000001624300000000000000022113000000047
0200004556102212182211210000001662000000000000000022113000000047
0200004556182212182211210000001662000000000000000022113000000047
0200004556192212182211210000001662000000000000000022113000000047
0200004556202212182211210000001662000000000000000022113000000047
0200004556272212182211210000001662000000000000000022113000000047
0200004556312212182211210000001662000000000000000022113000000047
0200004556322212182211210000001662000000000000000022113000000047
0200004556332212182211210000001662000000000000000022113000000047
0200004556392212182211210000001662000000000000000022113000000047
0200004556402212182211210000001662000000000000000022113000000047
0200004556412212182211210000001662000000000000000022113000000047
0200004556442212182211210000001662000000000000000022113000000047
0200004556452212182211210000001662000000000000000022113000000047
0200004556462212182211210000001662000000000000000022113000000047
0200004556472212182211210000001662000000000000000022113000000047
0200004556482212182211210000001662000000000000000022113000000047
0200004554812212182211210000001624300000000000000022113000000047
0200004554832212182211210000001624300000000000000022113000000047
0200004554842212182211210000001624300000000000000022113000000047
0200004554852212182211210000001624300000000000000022113000000047
0200004554872212182211210000001624300000000000000022113000000047
0200004554882212182211210000001624300000000000000022113000000047
0200004554892212182211210000001624300000000000000022113000000047
0200004554902212182211210000001624300000000000000022113000000047
0200004554912212182211210000001624300000000000000022113000000047
0200004554922212182211210000001624300000000000000022113000000047
0200004554932212182211210000001624300000000000000022113000000047
0200004554942212182211210000001624300000000000000022113000000047
0200004554952212182211210000001624300000000000000022113000000047
0200004554962212182211210000001624300000000000000022113000000047
0200004554982212182211210000001624300000000000000022113000000047
0200004554992212182211210000001662000000000000000022113000000047
0200004555002212182211210000006092100000000000000022113000000047
0200004555012212182211210000006488400000000000000022113000000047
0200004555032212182211210000002656800000000000000022113000000047
0200004555042212182211210000002656800000000000000022113000000047
0200004555052212182211210000001662000000000000000022113000000047
0200004555062212182211210000001886700000000000000022113000000047
0200004555072212182211210000001886700000000000000022113000000047
0200004555082212182211210000001886700000000000000022113000000047
0200004555102212182211210000025495100000000000000022113000000047
0200004555122212182211210000002656800000000000000022113000000047
0200004555132212182211210000006488400000000000000022113000000047
0200004555142212182211210000001662000000000000000022113000000047
0200004555162212182211210000006488400000000000000022113000000047
0200004555172212182211210000001662000000000000000022113000000047
0200004555182212182211210000001662000000000000000022113000000047
0200004555192212182211210000001662000000000000000022113000000047
0200004555202212182211210000001662000000000000000022113000000047
0200004555212212182211210000001662000000000000000022113000000047
0200004556492212182211210000001662000000000000000022113000000047
0200004556502212182211210000001662000000000000000022113000000047
0200004556512212182211210000001662000000000000000022113000000047
0200004556522212182211210000001662000000000000000022113000000047
0200004556532212182211210000001662000000000000000022113000000047
0200004556542212182211210000001662000000000000000022113000000047
0200004556552212182211210000001662000000000000000022113000000047
0200004556562212182211210000001662000000000000000022113000000047
0200004556572212182211210000001662000000000000000022113000000047
0200004556582212182211210000001662000000000000000022113000000047
0200004556592212182211210000001662000000000000000022113000000047
0200004556602212182211210000001662000000000000000022113000000047
0200004556612212182211210000001662000000000000000022113000000047
0200004556632212182211210000001662000000000000000022113000000047
0200004556642212182211210000001662000000000000000022113000000047
0200004556652212182211210000001624300000000000000022113000000047
0200004556662212182211210000006488400000000000000022113000000047
0200004556672212182211210000001624300000000000000022113000000047
0200004556682212182211210000001662000000000000000022113000000047
0200004556692212182211210000003760900000000000000022113000000047
0200004556792212182211210000002656800000000000000022113000000047
0200004556802212182211210000001662000000000000000022113000000047
0200004556812212182211210000002747600000000000000022113000000047
0200004556822212182211210000002747600000000000000022113000000047
0200004556832212182211210000002747600000000000000022113000000047
0200004556852212182211210000002656800000000000000022113000000047
0200004556862212182211210000004416100000000000000022113000000047
0200004556872212182211210000006488400000000000000022113000000047
0200004556882212182211210000001662000000000000000022113000000047
0200004556912212182211210000001662000000000000000022113000000047
0200004556922212182211210000001662000000000000000022113000000047
0200004556932212182211210000001662000000000000000022113000000047
0200004556962212182211210000002656800000000000000022113000000047
0200004556972212182211210000006488400000000000000022113000000047
0200004556992212182211210000001886700000000000000022113000000047
0200004557012212182211210000001662000000000000000022113000000047
0200004557022212182211210000001886700000000000000022113000000047
0200004557032212182211210000006488400000000000000022113000000047
0900000000100000076245000000000000000                    0000002