01822000268920221205001                 20221205   0A00
0577099980136120001
060000000000000000000000000000000000000000004552690000000162430001010000000000000000001160608                                                      50001000
060000000000000000000000000000000000000000004552700000000162430001010000000000000000001160608                                                      50001000
060000000000000000000000000000000000000000004552710000000162430001010000000000000000001160608                                                      50001000
060000000000000000000000000000000000000000004552720000000162430001010000000000000000001160608                                                      50001000
060000000000000000000000000000000000000000004552730000000162430001010000000000000000001160608                                                      50001000
060000000000000000000000000000000000000000004552740000000162430001010000000000000000001160608                                                      50001000
060000000000000000000000000000000000000000004552750000000162430001010000000000000000001160608                                                      50001000
060000000000000000000000000000000000000000004552760000000162430001010000000000000000001160608                                                      50001000
060000000000000000000000000000000000000000004552770000000162430001010000000000000000001160608                                                      50001000
060000000000000000000000000000000000000000004552800000000162430001010000000000000000001160608                                                      50001000
060000000000000000000000000000000000000000004552830000000162430001010000000000000000001160608                                                      50001000
060000000000000000000000000000000000000000004552840000000162430001010000000000000000001160608                                                      50001000
060000000000000000000000000000000000000000004552850000000162430001010000000000000000001160608                                                      50001000
060000000000000000000000000000000000000000004552860000000162430001010000000000000000001160608                                                      50001000
060000000000000000000000000000000000000000004552870000000162430001010000000000000000001160608                                                      50001000
060000000000000000000000000000000000000000004552880000000162430001010000000000000000001160608                                                      50001000
060000000000000000000000000000000000000000004552890000000162430001010000000000000000001160608                                                      50001000
060000000000000000000000000000000000000000004552900000000162430001010000000000000000001160608                                                      50001000
060000000000000000000000000000000000000000004552910000000162430001010000000000000000001160608                                                      50001000
060000000000000000000000000000000000000000004552920000000162430001010000000000000000001160608                                                      50001000
060000000000000000000000000000000000000000004552930000000162430001010000000000000000001160608                                                      50001000
060000000000000000000000000000000000000000004552950000000162430001010000000000000000001160608                                                      50001000
060000000000000000000000000000000000000000004552960000000162430001010000000000000000001160608                                                      50001000
060000000000000000000000000000000000000000004552970000000162430001010000000000000000001160608                                                      50001000
060000000000000000000000000000000000000000004552980000000162430001010000000000000000001160608                                                      50001000
060000000000000000000000000000000000000000004552990000000162430001010000000000000000001160608                                                      50001000
060000000000000000000000000000000000000000004553000000000162430001010000000000000000001160608                                                      50001000
060000000000000000000000000000000000000000004553010000000162430001010000000000000000001160608                                                      50001000
060000000000000000000000000000000000000000004553020000000162430001010000000000000000001160608                                                      50001000
060000000000000000000000000000000000000000004553030000000162430001010000000000000000001160608                                                      50001000
060000000000000000000000000000000000000000004553040000000162430001010000000000000000001160608                                                      50001000
060000000000000000000000000000000000000000004553050000000162430001010000000000000000001160608                                                      50001000
060000000000000000000000000000000000000000004553060000000162430001010000000000000000001160608                                                      50001000
060000000000000000000000000000000000000000004553070000000162430001010000000000000000001160608                                                      50001000
060000000000000000000000000000000000000000004553080000000162430001010000000000000000001160608                                                      50001000
060000000000000000000000000000000000000000004553110000000162430001010000000000000000001160608                                                      50001000
060000000000000000000000000000000000000000004553120000000162430001010000000000000000001160608                                                      50001000
060000000000000000000000000000000000000000004553130000000162430001010000000000000000001160608                                                      50001000
060000000000000000000000000000000000000000004553140000000162430001010000000000000000001160608                                                      50001000
060000000000000000000000000000000000000000004553150000000162430001010000000000000000001160608                                                      50001000
060000000000000000000000000000000000000000004553160000000162430001010000000000000000001160608                                                      50001000
060000000000000000000000000000000000000000004553170000000162430001010000000000000000001160608                                                      50001000
060000000000000000000000000000000000000000004553180000000162430001010000000000000000001160608                                                      50001000
060000000000000000000000000000000000000000004553190000000162430001010000000000000000001160608                                                      50001000
060000000000000000000000000000000000000000004553200000000162430001010000000000000000001160608                                                      50001000
060000000000000000000000000000000000000000004553210000000162430001010000000000000000001160608                                                      50001000
060000000000000000000000000000000000000000004553220000000162430001010000000000000000001160608                                                      50001000
060000000000000000000000000000000000000000004553230000000162430001010000000000000000001160608                                                      50001000
060000000000000000000000000000000000000000004553240000000162430001010000000000000000001160608                                                      50001000
060000000000000000000000000000000000000000004553250000000162430001010000000000000000001160608                                                      50001000
060000000000000000000000000000000000000000004553260000000162430001010000000000000000001160608                                                      50001000
060000000000000000000000000000000000000000004553270000000162430001010000000000000000001160608                                                      50001000
060000000000000000000000000000000000000000004553280000000162430001010000000000000000001160608                                                      50001000
060000000000000000000000000000000000000000004553290000000162430001010000000000000000001160608                                                      50001000
060000000000000000000000000000000000000000004553300000000162430001010000000000000000001160608                                                      50001000
060000000000000000000000000000000000000000004553310000000162430001010000000000000000001160608                                                      50001000
060000000000000000000000000000000000000000004553320000000162430001010000000000000000001160608                                                      50001000
060000000000000000000000000000000000000000004553330000000162430001010000000000000000001160608                                                      50001000
060000000000000000000000000000000000000000004553340000000162430001010000000000000000001160608                                                      50001000
060000000000000000000000000000000000000000004553350000000162430001010000000000000000001160608                                                      50001000
060000000000000000000000000000000000000000004553360000000162430001010000000000000000001160608                                                      50001000
060000000000000000000000000000000000000000004553370000000162430001010000000000000000001160608                                                      50001000
060000000000000000000000000000000000000000004553380000000162430001010000000000000000001160608                                                      50001000
060000000000000000000000000000000000000000004553390000000162430001010000000000000000001160608                                                      50001000
060000000000000000000000000000000000000000004553400000000162430001010000000000000000001160608                                                      50001000
060000000000000000000000000000000000000000004553410000000162430001010000000000000000001160608                                                      50001000
060000000000000000000000000000000000000000004553420000000162430001010000000000000000001160608                                                      50001000
060000000000000000000000000000000000000000004553430000000162430001010000000000000000001160608                                                      50001000
060000000000000000000000000000000000000000004553440000000162430001010000000000000000001160608                                                      50001000
060000000000000000000000000000000000000000004553450000000162430001010000000000000000001160608                                                      50001000
060000000000000000000000000000000000000000004553460000000162430001010000000000000000001160608                                                      50001000
060000000000000000000000000000000000000000004553470000000162430001010000000000000000001160608                                                      50001000
060000000000000000000000000000000000000000004553480000000162430001010000000000000000001160608                                                      50001000
060000000000000000000000000000000000000000004553490000000166200001010000000000000000001160608                                                      50001000
060000000000000000000000000000000000000000004553510000000162430001010000000000000000001160608                                                      50001000
060000000000000000000000000000000000000000004553520000000162430001010000000000000000001160608                                                      50001000
060000000000000000000000000000000000000000004553530000000162430001010000000000000000001160608                                                      50001000
060000000000000000000000000000000000000000004553540000000162430001010000000000000000001160608                                                      50001000
060000000000000000000000000000000000000000004553550000000162430001010000000000000000001160608                                                      50001000
060000000000000000000000000000000000000000004553560000000162430001010000000000000000001160608                                                      50001000
060000000000000000000000000000000000000000004553580000000162430001010000000000000000001160608                                                      50001000
060000000000000000000000000000000000000000004553600000000162430001010000000000000000001160608                                                      50001000
060000000000000000000000000000000000000000004553610000000162430001010000000000000000001160608                                                      50001000
060000000000000000000000000000000000000000004553630000000162430001010000000000000000001160608                                                      50001000
060000000000000000000000000000000000000000004553640000000162430001010000000000000000001160608                                                      50001000
060000000000000000000000000000000000000000004553650000000162430001010000000000000000001160608                                                      50001000
060000000000000000000000000000000000000000004553660000000162430001010000000000000000001160608                                                      50001000
060000000000000000000000000000000000000000004553670000000162430001010000000000000000001160608                                                      50001000
060000000000000000000000000000000000000000004553680000000162430001010000000000000000001160608                                                      50001000
060000000000000000000000000000000000000000004553690000000162430001010000000000000000001160608                                                      50001000
060000000000000000000000000000000000000000004553700000000162430001010000000000000000001160608                                                      50001000
060000000000000000000000000000000000000000004553710000000162430001010000000000000000001160608                                                      50001000
060000000000000000000000000000000000000000004553720000000162430001010000000000000000001160608                                                      50001000
060000000000000000000000000000000000000000004553730000000162430001010000000000000000001160608                                                      50001000
060000000000000000000000000000000000000000004553750000000162430001010000000000000000001160608                                                      50001000
060000000000000000000000000000000000000000004553760000000162430001010000000000000000001160608                                                      50001000
060000000000000000000000000000000000000000004553770000000162430001010000000000000000001160608                                                      50001000
060000000000000000000000000000000000000000004553780000000162430001010000000000000000001160608                                                      50001000
060000000000000000000000000000000000000000004553790000000162430001010000000000000000001160608                                                      50001000
060000000000000000000000000000000000000000004553800000000162430001010000000000000000001160608                                                      50001000
060000000000000000000000000000000000000000002408680000000080820001010000000000000000001160608                                                      50001000
060000000000000000000000000000000000000000002408690000000100000001010000000000000000001160608                                                      50001000
060000000000000000000000000000000000000000002408700000000269840001010000000000000000001160608                                                      50001000
060000000000000000000000000000000000000000002408710000000269840001010000000000000000001160608                                                      50001000
060000000000000000000000000000000000000000002408720000000316440001010000000000000000001160608                                                      50001000
060000000000000000000000000000000000000000002408730000000304880001010000000000000000001160608                                                      50001000
060000000000000000000000000000000000000000002408740000000267160001010000000000000000001160608                                                      50001000
060000000000000000000000000000000000000000002408750000000269840001010000000000000000001160608                                                      50001000
060000000000000000000000000000000000000000002408760000001076700001010000000000000000001160608                                                      50001000
060000000000000000000000000000000000000000002408770000000200000001010000000000000000001160608                                                      50001000
060000000000000000000000000000000000000000002408780000000269840001010000000000000000001160608                                                      50001000
060000000000000000000000000000000000000000002408790000000269840001010000000000000000001160608                                                      50001000
060000000000000000000000000000000000000000002408800000000269840001010000000000000000001160608                                                      50001000
060000000000000000000000000000000000000000002408810000000269840001010000000000000000001160608                                                      50001000
060000000000000000000000000000000000000000002408820000000303740001010000000000000000001160608                                                      50001000
060000000000000000000000000000000000000000002408830000000269840001010000000000000000001160608                                                      50001000
060000000000000000000000000000000000000000002408840000000269840001010000000000000000001160608                                                      50001000
060000000000000000000000000000000000000000002408860000000269840001010000000000000000001160608                                                      50001000
060000000000000000000000000000000000000000002408870000000269840001010000000000000000001160608                                                      50001000
060000000000000000000000000000000000000000002408880000000269840001010000000000000000001160608                                                      50001000
060000000000000000000000000000000000000000002408890000000269840001010000000000000000001160608                                                      50001000
060000000000000000000000000000000000000000002408900000000269840001010000000000000000001160608                                                      50001000
060000000000000000000000000000000000000000002408910000000316460001010000000000000000001160608                                                      50001000
060000000000000000000000000000000000000000002408920000000269840001010000000000000000001160608                                                      50001000
060000000000000000000000000000000000000000002408930000000307980001010000000000000000001160608                                                      50001000
060000000000000000000000000000000000000000002408940000000314660001010000000000000000001160608                                                      50001000
060000000000000000000000000000000000000000002408950000000271760001010000000000000000001160608                                                      50001000
060000000000000000000000000000000000000000002408960000000269840001010000000000000000001160608                                                      50001000
060000000000000000000000000000000000000000002408970000000269840001010000000000000000001160608                                                      50001000
060000000000000000000000000000000000000000002408980000000269840001010000000000000000001160608                                                      50001000
060000000000000000000000000000000000000000002408990000000269840001010000000000000000001160608                                                      50001000
060000000000000000000000000000000000000000002409000000000269840001010000000000000000001160608                                                      50001000
060000000000000000000000000000000000000000002409010000000279880001010000000000000000001160608                                                      50001000
060000000000000000000000000000000000000000002409020000000269840001010000000000000000001160608                                                      50001000
060000000000000000000000000000000000000000002409040000000269840001010000000000000000001160608                                                      50001000
060000000000000000000000000000000000000000002409050000000269840001010000000000000000001160608                                                      50001000
060000000000000000000000000000000000000000002409060000000269840001010000000000000000001160608                                                      50001000
060000000000000000000000000000000000000000002409070000000269840001010000000000000000001160608                                                      50001000
060000000000000000000000000000000000000000002409080000000280800001010000000000000000001160608                                                      50001000
060000000000000000000000000000000000000000002409090000000269840001010000000000000000001160608                                                      50001000
060000000000000000000000000000000000000000002409100000000269840001010000000000000000001160608                                                      50001000
060000000000000000000000000000000000000000002409110000000303760001010000000000000000001160608                                                      50001000
060000000000000000000000000000000000000000002409120000000291200001010000000000000000001160608                                                      50001000
060000000000000000000000000000000000000000002409140000000269840001010000000000000000001160608                                                      50001000
060000000000000000000000000000000000000000002409150000000269840001010000000000000000001160608                                                      50001000
060000000000000000000000000000000000000000002409160000000261130001010000000000000000001160608                                                      50001000
060000000000000000000000000000000000000000002409170000000269840001010000000000000000001160608                                                      50001000
060000000000000000000000000000000000000000002409180000000269840001010000000000000000001160608                                                      50001000
060000000000000000000000000000000000000000002409200000000269840001010000000000000000001160608                                                      50001000
060000000000000000000000000000000000000000002409210000000269840001010000000000000000001160608                                                      50001000
060000000000000000000000000000000000000000002409220000000261130001010000000000000000001160608                                                      50001000
060000000000000000000000000000000000000000002409230000000269840001010000000000000000001160608                                                      50001000
060000000000000000000000000000000000000000002409240000000261130001010000000000000000001160608                                                      50001000
060000000000000000000000000000000000000000002409250000000269840001010000000000000000001160608                                                      50001000
060000000000000000000000000000000000000000002409260000000303680001010000000000000000001160608                                                      50001000
060000000000000000000000000000000000000000002409270000000269840001010000000000000000001160608                                                      50001000
060000000000000000000000000000000000000000002409280000000269840001010000000000000000001160608                                                      50001000
060000000000000000000000000000000000000000002409290000000269840001010000000000000000001160608                                                      50001000
060000000000000000000000000000000000000000002409300000000269840001010000000000000000001160608                                                      50001000
060000000000000000000000000000000000000000002409310000000302160001010000000000000000001160608                                                      50001000
060000000000000000000000000000000000000000002409320000000271700001010000000000000000001160608                                                      50001000
060000000000000000000000000000000000000000002409330000000269840001010000000000000000001160608                                                      50001000
060000000000000000000000000000000000000000002409340000000269840001010000000000000000001160608                                                      50001000
060000000000000000000000000000000000000000002409350000000538420001010000000000000000001160608                                                      50001000
060000000000000000000000000000000000000000002409360000000271150001010000000000000000001160608                                                      50001000
060000000000000000000000000000000000000000002409370000000163510001010000000000000000001160608                                                      50001000
060000000000000000000000000000000000000000002409380000000269840001010000000000000000001160608                                                      50001000
060000000000000000000000000000000000000000002409390000000304880001010000000000000000001160608                                                      50001000
060000000000000000000000000000000000000000002409400000000269840001010000000000000000001160608                                                      50001000
060000000000000000000000000000000000000000002409410000000269840001010000000000000000001160608                                                      50001000
060000000000000000000000000000000000000000002409420000000261130001010000000000000000001160608                                                      50001000
060000000000000000000000000000000000000000002409430000000269840001010000000000000000001160608                                                      50001000
060000000000000000000000000000000000000000002409440000000269840001010000000000000000001160608                                                      50001000
060000000000000000000000000000000000000000002409450000000539730001010000000000000000001160608                                                      50001000
060000000000000000000000000000000000000000002409460000000280790001010000000000000000001160608                                                      50001000
060000000000000000000000000000000000000000002409470000000269840001010000000000000000001160608                                                      50001000
060000000000000000000000000000000000000000002409480000000269840001010000000000000000001160608                                                      50001000
060000000000000000000000000000000000000000002409490000000269840001010000000000000000001160608                                                      50001000
060000000000000000000000000000000000000000002409500000000291730001010000000000000000001160608                                                      50001000
060000000000000000000000000000000000000000002409510000000269840001010000000000000000001160608                                                      50001000
060000000000000000000000000000000000000000002409520000000269840001010000000000000000001160608                                                      50001000
060000000000000000000000000000000000000000002409530000000280840001010000000000000000001160608                                                      50001000
060000000000000000000000000000000000000000002409540000000269840001010000000000000000001160608                                                      50001000
060000000000000000000000000000000000000000002409550000000269840001010000000000000000001160608                                                      50001000
060000000000000000000000000000000000000000002409550000000307240001010000000000000000001160708                                                      50001000
060000000000000000000000000000000000000000002409570000000293010001010000000000000000001160608                                                      50001000
060000000000000000000000000000000000000000002409580000000269840001010000000000000000001160608                                                      50001000
060000000000000000000000000000000000000000002409590000000269840001010000000000000000001160608                                                      50001000
060000000000000000000000000000000000000000002409600000000269840001010000000000000000001160608                                                      50001000
060000000000000000000000000000000000000000002409610000000261130001010000000000000000001160608                                                      50001000
060000000000000000000000000000000000000000002409620000000261130001010000000000000000001160608                                                      50001000
060000000000000000000000000000000000000000002409630000000185490001010000000000000000001160608                                                      50001000
060000000000000000000000000000000000000000002409640000000185490001010000000000000000001160608                                                      50001000
060000000000000000000000000000000000000000002409650000000261130001010000000000000000001160608                                                      50001000
060000000000000000000000000000000000000000002409670000000462530001010000000000000000001160608                                                      50001000
060000000000000000000000000000000000000000002409690000000269840001010000000000000000001160608                                                      50001000
060000000000000000000000000000000000000000002409700000000314730001010000000000000000001160608                                                      50001000
060000000000000000000000000000000000000000002409710000000491310001010000000000000000001160608                                                      50001000
060000000000000000000000000000000000000000002409720000000269840001010000000000000000001160608                                                      50001000
060000000000000000000000000000000000000000002409730000000269840001010000000000000000001160608                                                      50001000
060000000000000000000000000000000000000000002409740000000328050001010000000000000000001160608                                                      50001000
060000000000000000000000000000000000000000002409750000000269840001010000000000000000001160608                                                      50001000
060000000000000000000000000000000000000000002409760000000269840001010000000000000000001160608                                                      50001000
060000000000000000000000000000000000000000002409770000000291730001010000000000000000001160608                                                      50001000
060000000000000000000000000000000000000000002409780000000269840001010000000000000000001160608                                                      50001000
060000000000000000000000000000000000000000002409790000000341190001010000000000000000001160608                                                      50001000
060000000000000000000000000000000000000000002409800000000809160001010000000000000000001160608                                                      50001000
060000000000000000000000000000000000000000002409810000000269840001010000000000000000001160608                                                      50001000
060000000000000000000000000000000000000000002409820000000269840001010000000000000000001160608                                                      50001000
060000000000000000000000000000000000000000002409830000000269840001010000000000000000001160608                                                      50001000
060000000000000000000000000000000000000000002409840000000269840001010000000000000000001160608                                                      50001000
060000000000000000000000000000000000000000002409850000000269840001010000000000000000001160608                                                      50001000
060000000000000000000000000000000000000000002409860000000538420001010000000000000000001160608                                                      50001000
060000000000000000000000000000000000000000002409870000000269840001010000000000000000001160608                                                      50001000
060000000000000000000000000000000000000000002409880000000269840001010000000000000000001160608                                                      50001000
060000000000000000000000000000000000000000002409890000000269840001010000000000000000001160608                                                      50001000
060000000000000000000000000000000000000000002409900000000269840001010000000000000000001160608                                                      50001000
060000000000000000000000000000000000000000002409910000000269840001010000000000000000001160608                                                      50001000
060000000000000000000000000000000000000000002409920000000271710001010000000000000000001160608                                                      50001000
060000000000000000000000000000000000000000002409930000000269840001010000000000000000001160608                                                      50001000
060000000000000000000000000000000000000000002409940000000291780001010000000000000000001160608                                                      50001000
060000000000000000000000000000000000000000002409950000000261130001010000000000000000001160608                                                      50001000
060000000000000000000000000000000000000000002409960000000269840001010000000000000000001160608                                                      50001000
060000000000000000000000000000000000000000002409970000000269840001010000000000000000001160608                                                      50001000
060000000000000000000000000000000000000000002409980000000280780001010000000000000000001160608                                                      50001000
060000000000000000000000000000000000000000002409990000000291780001010000000000000000001160608                                                      50001000
060000000000000000000000000000000000000000002410000000000269840001010000000000000000001160608                                                      50001000
060000000000000000000000000000000000000000002410010000000269840001010000000000000000001160608                                                      50001000
060000000000000000000000000000000000000000002410020000000269840001010000000000000000001160608                                                      50001000
060000000000000000000000000000000000000000002410030000000269840001010000000000000000001160608                                                      50001000
060000000000000000000000000000000000000000002410040000000293300001010000000000000000001160608                                                      50001000
060000000000000000000000000000000000000000002410050000000269840001010000000000000000001160608                                                      50001000
060000000000000000000000000000000000000000002410060000000269840001010000000000000000001160608                                                      50001000
060000000000000000000000000000000000000000002410070000001217830001010000000000000000001160608                                                      50001000
060000000000000000000000000000000000000000002410080000000269840001010000000000000000001160608                                                      50001000
060000000000000000000000000000000000000000002410090000000269840001010000000000000000001160608                                                      50001000
060000000000000000000000000000000000000000002410100000000281710001010000000000000000001160608                                                      50001000
060000000000000000000000000000000000000000002410110000000269840001010000000000000000001160608                                                      50001000
060000000000000000000000000000000000000000002410120000000303710001010000000000000000001160608                                                      50001000
060000000000000000000000000000000000000000002410130000000269840001010000000000000000001160608                                                      50001000
060000000000000000000000000000000000000000002410140000000269840001010000000000000000001160608                                                      50001000
060000000000000000000000000000000000000000002410150000000269840001010000000000000000001160608                                                      50001000
060000000000000000000000000000000000000000002410160000000280800001010000000000000000001160608                                                      50001000
060000000000000000000000000000000000000000002410170000000269840001010000000000000000001160608                                                      50001000
060000000000000000000000000000000000000000002410180000000269840001010000000000000000001160608                                                      50001000
060000000000000000000000000000000000000000002410190000000269840001010000000000000000001160608                                                      50001000
060000000000000000000000000000000000000000002410200000000269840001010000000000000000001160608                                                      50001000
060000000000000000000000000000000000000000002410210000000269840001010000000000000000001160608                                                      50001000
060000000000000000000000000000000000000000002410220000000313680001010000000000000000001160608                                                      50001000
060000000000000000000000000000000000000000002410230000000302720001010000000000000000001160608                                                      50001000
060000000000000000000000000000000000000000002410240000000443920001010000000000000000001160608                                                      50001000
060000000000000000000000000000000000000000002410250000000538420001010000000000000000001160608                                                      50001000
060000000000000000000000000000000000000000002410260000000269840001010000000000000000001160608                                                      50001000
060000000000000000000000000000000000000000002410270000000632580001010000000000000000001160608                                                      50001000
060000000000000000000000000000000000000000002410280000000269840001010000000000000000001160608                                                      50001000
060000000000000000000000000000000000000000002410290000000269840001010000000000000000001160608                                                      50001000
060000000000000000000000000000000000000000002410300000000349900001010000000000000000001160608                                                      50001000
060000000000000000000000000000000000000000002410310000000291790001010000000000000000001160608                                                      50001000
060000000000000000000000000000000000000000002410320000000269840001010000000000000000001160608                                                      50001000
060000000000000000000000000000000000000000002410330000000281710001010000000000000000001160608                                                      50001000
060000000000000000000000000000000000000000002410340000000269840001010000000000000000001160608                                                      50001000
060000000000000000000000000000000000000000002410350000000269840001010000000000000000001160608                                                      50001000
060000000000000000000000000000000000000000002410360000000269840001010000000000000000001160608                                                      50001000
060000000000000000000000000000000000000000002410370000000269840001010000000000000000001160608                                                      50001000
060000000000000000000000000000000000000000002410380000000269840001010000000000000000001160608                                                      50001000
060000000000000000000000000000000000000000002410390000000269840001010000000000000000001160608                                                      50001000
060000000000000000000000000000000000000000002410400000000291730001010000000000000000001160608                                                      50001000
060000000000000000000000000000000000000000002410410000000269840001010000000000000000001160608                                                      50001000
060000000000000000000000000000000000000000002410420000000491310001010000000000000000001160608                                                      50001000
060000000000000000000000000000000000000000002410430000000280840001010000000000000000001160608                                                      50001000
060000000000000000000000000000000000000000002410440000000269840001010000000000000000001160608                                                      50001000
060000000000000000000000000000000000000000002410450000000269840001010000000000000000001160608                                                      50001000
060000000000000000000000000000000000000000002410460000000269840001010000000000000000001160608                                                      50001000
060000000000000000000000000000000000000000002410470000000269840001010000000000000000001160608                                                      50001000
060000000000000000000000000000000000000000002410480000000269840001010000000000000000001160608                                                      50001000
060000000000000000000000000000000000000000002410490000000280840001010000000000000000001160608                                                      50001000
060000000000000000000000000000000000000000002410500000000269840001010000000000000000001160608                                                      50001000
060000000000000000000000000000000000000000002410510000000269840001010000000000000000001160608                                                      50001000
060000000000000000000000000000000000000000002410520000000269840001010000000000000000001160608                                                      50001000
060000000000000000000000000000000000000000002410530000000166480001010000000000000000001160608                                                      50001000
060000000000000000000000000000000000000000002410540000000269840001010000000000000000001160608                                                      50001000
060000000000000000000000000000000000000000002410550000000269840001010000000000000000001160608                                                      50001000
060000000000000000000000000000000000000000002410560000000269840001010000000000000000001160608                                                      50001000
060000000000000000000000000000000000000000002410570000000269840001010000000000000000001160608                                                      50001000
060000000000000000000000000000000000000000002410580000000269840001010000000000000000001160608                                                      50001000
060000000000000000000000000000000000000000002410590000000291730001010000000000000000001160608                                                      50001000
060000000000000000000000000000000000000000002410600000000269840001010000000000000000001160608                                                      50001000
060000000000000000000000000000000000000000002410610000000280300001010000000000000000001160608                                                      50001000
060000000000000000000000000000000000000000002410620000000269840001010000000000000000001160608                                                      50001000
060000000000000000000000000000000000000000002410630000000269840001010000000000000000001160608                                                      50001000
060000000000000000000000000000000000000000002410640000000303760001010000000000000000001160608                                                      50001000
060000000000000000000000000000000000000000002410650000000269840001010000000000000000001160608                                                      50001000
060000000000000000000000000000000000000000002410660000000269840001010000000000000000001160608                                                      50001000
060000000000000000000000000000000000000000002410670000000163510001010000000000000000001160608                                                      50001000
060000000000000000000000000000000000000000002410680000000269840001010000000000000000001160608                                                      50001000
060000000000000000000000000000000000000000002410690000000325670001010000000000000000001160608                                                      50001000
060000000000000000000000000000000000000000002410710000000269840001010000000000000000001160608                                                      50001000
060000000000000000000000000000000000000000002410720000000281420001010000000000000000001160608                                                      50001000
060000000000000000000000000000000000000000002410730000000314710001010000000000000000001160608                                                      50001000
060000000000000000000000000000000000000000002410740000000269840001010000000000000000001160608                                                      50001000
060000000000000000000000000000000000000000002410750000000269840001010000000000000000001160608                                                      50001000
060000000000000000000000000000000000000000002410760000000269840001010000000000000000001160608                                                      50001000
060000000000000000000000000000000000000000002410770000000269840001010000000000000000001160608                                                      50001000
060000000000000000000000000000000000000000002410780000000269840001010000000000000000001160608                                                      50001000
060000000000000000000000000000000000000000002410790000000280800001010000000000000000001160608                                                      50001000
060000000000000000000000000000000000000000002410800000000397930001010000000000000000001160608                                                      50001000
060000000000000000000000000000000000000000002410810000000269840001010000000000000000001160608                                                      50001000
060000000000000000000000000000000000000000002410820000000269840001010000000000000000001160608                                                      50001000
060000000000000000000000000000000000000000002410830000000269840001010000000000000000001160608                                                      50001000
060000000000000000000000000000000000000000002410840000000204580001010000000000000000001160608                                                      50001000
060000000000000000000000000000000000000000002410850000000261130001010000000000000000001160608                                                      50001000
060000000000000000000000000000000000000000002410860000000269840001010000000000000000001160608                                                      50001000
060000000000000000000000000000000000000000002410870000000269840001010000000000000000001160608                                                      50001000
060000000000000000000000000000000000000000002410880000000261130001010000000000000000001160608                                                      50001000
060000000000000000000000000000000000000000002410890000000269840001010000000000000000001160608                                                      50001000
060000000000000000000000000000000000000000002410900000000269840001010000000000000000001160608                                                      50001000
060000000000000000000000000000000000000000002410910000000269840001010000000000000000001160608                                                      50001000
060000000000000000000000000000000000000000002410930000000269840001010000000000000000001160608                                                      50001000
060000000000000000000000000000000000000000002410940000000002570001010000000000000000001160608                                                      50001000
060000000000000000000000000000000000000000002410950000000269840001010000000000000000001160608                                                      50001000
060000000000000000000000000000000000000000002410970000000269840001010000000000000000001160608                                                      50001000
060000000000000000000000000000000000000000002410990000000209870001010000000000000000001160608                                                      50001000
060000000000000000000000000000000000000000002411000000000185490001010000000000000000001160608                                                      50001000
060000000000000000000000000000000000000000002411010000000395370001010000000000000000001160608                                                      50001000
060000000000000000000000000000000000000000002411020000000261130001010000000000000000001160608                                                      50001000
060000000000000000000000000000000000000000002411030000000261130001010000000000000000001160608                                                      50001000
060000000000000000000000000000000000000000002411040000000271710001010000000000000000001160608                                                      50001000
060000000000000000000000000000000000000000002411050000000261130001010000000000000000001160608                                                      50001000
060000000000000000000000000000000000000000002411060000000261130001010000000000000000001160608                                                      50001000
060000000000000000000000000000000000000000002411070000000261130001010000000000000000001160608                                                      50001000
060000000000000000000000000000000000000000002411080000000261130001010000000000000000001160608                                                      50001000
060000000000000000000000000000000000000000002411090000000261130001010000000000000000001160608                                                      50001000
060000000000000000000000000000000000000000002411100000000002570001010000000000000000001160608                                                      50001000
060000000000000000000000000000000000000000002411110000000261130001010000000000000000001160608                                                      50001000
060000000000000000000000000000000000000000002411120000000315070001010000000000000000001160608                                                      50001000
060000000000000000000000000000000000000000002411130000000261130001010000000000000000001160608                                                      50001000
060000000000000000000000000000000000000000002411140000000261130001010000000000000000001160608                                                      50001000
060000000000000000000000000000000000000000002411150000000261130001010000000000000000001160608                                                      50001000
060000000000000000000000000000000000000000002411160000000261130001010000000000000000001160608                                                      50001000
060000000000000000000000000000000000000000002411170000000261130001010000000000000000001160608                                                      50001000
060000000000000000000000000000000000000000002411180000000261130001010000000000000000001160608                                                      50001000
060000000000000000000000000000000000000000002411190000000261130001010000000000000000001160608                                                      50001000
060000000000000000000000000000000000000000002411200000000261130001010000000000000000001160608                                                      50001000
060000000000000000000000000000000000000000002411210000000261130001010000000000000000001160608                                                      50001000
060000000000000000000000000000000000000000002411220000000163510001010000000000000000001160608                                                      50001000
060000000000000000000000000000000000000000002411240000000271700001010000000000000000001160608                                                      50001000
060000000000000000000000000000000000000000002411260000000304440001010000000000000000001160608                                                      50001000
060000000000000000000000000000000000000000002411270000000261130001010000000000000000001160608                                                      50001000
060000000000000000000000000000000000000000002411280000000261130001010000000000000000001160608                                                      50001000
060000000000000000000000000000000000000000002411290000000261130001010000000000000000001160608                                                      50001000
060000000000000000000000000000000000000000002411300000000283270001010000000000000000001160608                                                      50001000
060000000000000000000000000000000000000000002411310000000261130001010000000000000000001160608                                                      50001000
060000000000000000000000000000000000000000002411320000000261130001010000000000000000001160608                                                      50001000
060000000000000000000000000000000000000000002411330000000271690001010000000000000000001160608                                                      50001000
060000000000000000000000000000000000000000002411340000000272610001010000000000000000001160608                                                      50001000
060000000000000000000000000000000000000000002411350000000261130001010000000000000000001160608                                                      50001000
060000000000000000000000000000000000000000002411360000000261130001010000000000000000001160608                                                      50001000
060000000000000000000000000000000000000000002411370000000261130001010000000000000000001160608                                                      50001000
060000000000000000000000000000000000000000002411380000000283290001010000000000000000001160608                                                      50001000
060000000000000000000000000000000000000000002411390000000261130001010000000000000000001160608                                                      50001000
060000000000000000000000000000000000000000002411400000000261130001010000000000000000001160608                                                      50001000
060000000000000000000000000000000000000000002411410000000303460001010000000000000000001160608                                                      50001000
060000000000000000000000000000000000000000002411430000000261130001010000000000000000001160608                                                      50001000
060000000000000000000000000000000000000000002411450000000636710001010000000000000000001160608                                                      50001000
060000000000000000000000000000000000000000002411460000000261130001010000000000000000001160608                                                      50001000
060000000000000000000000000000000000000000002411470000000254950001010000000000000000001160608                                                      50001000
060000000000000000000000000000000000000000002411480000000984660001010000000000000000001160608                                                      50001000
060000000000000000000000000000000000000000002411490000000261130001010000000000000000001160608                                                      50001000
060000000000000000000000000000000000000000002411500000001541790001010000000000000000001160608                                                      50001000
060000000000000000000000000000000000000000002411510000000269840001010000000000000000001160608                                                      50001000
060000000000000000000000000000000000000000002411520000000280780001010000000000000000001160608                                                      50001000
060000000000000000000000000000000000000000002411530000000325670001010000000000000000001160608                                                      50001000
060000000000000000000000000000000000000000002411540000000316440001010000000000000000001160608                                                      50001000
060000000000000000000000000000000000000000002411550000000269840001010000000000000000001160608                                                      50001000
060000000000000000000000000000000000000000002411560000000287250001010000000000000000001160608                                                      50001000
060000000000000000000000000000000000000000002411570000000269840001010000000000000000001160608                                                      50001000
060000000000000000000000000000000000000000002411580000000269840001010000000000000000001160608                                                      50001000
060000000000000000000000000000000000000000002411590000000269840001010000000000000000001160608                                                      50001000
060000000000000000000000000000000000000000002411600000000280780001010000000000000000001160608                                                      50001000
060000000000000000000000000000000000000000002411610000000269840001010000000000000000001160608                                                      50001000
060000000000000000000000000000000000000000002411620000000277210001010000000000000000001160608                                                      50001000
060000000000000000000000000000000000000000002411630000000335930001010000000000000000001160608                                                      50001000
060000000000000000000000000000000000000000002411640000000269840001010000000000000000001160608                                                      50001000
060000000000000000000000000000000000000000002411650000000269840001010000000000000000001160608                                                      50001000
060000000000000000000000000000000000000000002411660000000269840001010000000000000000001160608                                                      50001000
060000000000000000000000000000000000000000002411670000000269840001010000000000000000001160608                                                      50001000
060000000000000000000000000000000000000000002411680000000269840001010000000000000000001160608                                                      50001000
060000000000000000000000000000000000000000002411690000000269840001010000000000000000001160608                                                      50001000
060000000000000000000000000000000000000000002411700000000269840001010000000000000000001160608                                                      50001000
060000000000000000000000000000000000000000002411710000000314660001010000000000000000001160608                                                      50001000
060000000000000000000000000000000000000000002411720000001291160001010000000000000000001160608                                                      50001000
060000000000000000000000000000000000000000002411730000000269840001010000000000000000001160608                                                      50001000
060000000000000000000000000000000000000000002411740000000269840001010000000000000000001160608                                                      50001000
060000000000000000000000000000000000000000002411750000002701550001010000000000000000001160608                                                      50001000
060000000000000000000000000000000000000000002411760000000269840001010000000000000000001160608                                                      50001000
060000000000000000000000000000000000000000002411770000000269840001010000000000000000001160608                                                      50001000
060000000000000000000000000000000000000000002411780000000269840001010000000000000000001160608                                                      50001000
060000000000000000000000000000000000000000002411790000000269840001010000000000000000001160608                                                      50001000
060000000000000000000000000000000000000000002411800000000269840001010000000000000000001160608                                                      50001000
060000000000000000000000000000000000000000002411810000000269840001010000000000000000001160608                                                      50001000
060000000000000000000000000000000000000000002411820000000269840001010000000000000000001160608                                                      50001000
060000000000000000000000000000000000000000002411830000000269840001010000000000000000001160608                                                      50001000
060000000000000000000000000000000000000000002411840000000154900001010000000000000000001160608                                                      50001000
060000000000000000000000000000000000000000002411850000000269840001010000000000000000001160608                                                      50001000
060000000000000000000000000000000000000000002411860000000269840001010000000000000000001160608                                                      50001000
060000000000000000000000000000000000000000002411870000000269840001010000000000000000001160608                                                      50001000
060000000000000000000000000000000000000000002411880000000267160001010000000000000000001160608                                                      50001000
060000000000000000000000000000000000000000002411890000000269840001010000000000000000001160608                                                      50001000
060000000000000000000000000000000000000000002411900000000282330001010000000000000000001160608                                                      50001000
060000000000000000000000000000000000000000002411910000000269840001010000000000000000001160608                                                      50001000
060000000000000000000000000000000000000000002411920000000269840001010000000000000000001160608                                                      50001000
060000000000000000000000000000000000000000002411930000000316460001010000000000000000001160608                                                      50001000
060000000000000000000000000000000000000000002411940000000269840001010000000000000000001160608                                                      50001000
060000000000000000000000000000000000000000002411950000000269840001010000000000000000001160608                                                      50001000
060000000000000000000000000000000000000000002411960000000538420001010000000000000000001160608                                                      50001000
060000000000000000000000000000000000000000002411980000000269840001010000000000000000001160608                                                      50001000
060000000000000000000000000000000000000000002411990000000269840001010000000000000000001160608                                                      50001000
060000000000000000000000000000000000000000002412000000000269840001010000000000000000001160608                                                      50001000
060000000000000000000000000000000000000000002412010000000269840001010000000000000000001160608                                                      50001000
060000000000000000000000000000000000000000002412030000000261130001010000000000000000001160608                                                      50001000
060000000000000000000000000000000000000000002412040000000272460001010000000000000000001160608                                                      50001000
060000000000000000000000000000000000000000002412050000000269840001010000000000000000001160608                                                      50001000
060000000000000000000000000000000000000000002412060000000269840001010000000000000000001160608                                                      50001000
060000000000000000000000000000000000000000002412070000000282340001010000000000000000001160608                                                      50001000
060000000000000000000000000000000000000000002412080000000269840001010000000000000000001160608                                                      50001000
060000000000000000000000000000000000000000002412090000000269840001010000000000000000001160608                                                      50001000
060000000000000000000000000000000000000000002412100000000269840001010000000000000000001160608                                                      50001000
060000000000000000000000000000000000000000002412110000000303750001010000000000000000001160608                                                      50001000
060000000000000000000000000000000000000000002412120000000280800001010000000000000000001160608                                                      50001000
060000000000000000000000000000000000000000002412130000000269840001010000000000000000001160608                                                      50001000
060000000000000000000000000000000000000000002412140000000280840001010000000000000000001160408                                                      50001000
060000000000000000000000000000000000000000002412140000000269840001010000000000000000001160608                                                      50001000
060000000000000000000000000000000000000000002412170000000269840001010000000000000000001160608                                                      50001000
060000000000000000000000000000000000000000002412180000000280800001010000000000000000001160608                                                      50001000
060000000000000000000000000000000000000000002412190000000280800001010000000000000000001160608                                                      50001000
060000000000000000000000000000000000000000002412200000000269840001010000000000000000001160608                                                      50001000
060000000000000000000000000000000000000000002412210000000269840001010000000000000000001160608                                                      50001000
060000000000000000000000000000000000000000002412220000000269840001010000000000000000001160608                                                      50001000
060000000000000000000000000000000000000000002412230000000269840001010000000000000000001160608                                                      50001000
060000000000000000000000000000000000000000002412240000000269840001010000000000000000001160608                                                      50001000
060000000000000000000000000000000000000000002412260000000271700001010000000000000000001160608                                                      50001000
060000000000000000000000000000000000000000002412270000000261130001010000000000000000001160608                                                      50001000
060000000000000000000000000000000000000000002412280000000261130001010000000000000000001160608                                                      50001000
060000000000000000000000000000000000000000002412290000000261130001010000000000000000001160608                                                      50001000
060000000000000000000000000000000000000000002412300000000261130001010000000000000000001160608                                                      50001000
060000000000000000000000000000000000000000002412310000000261130001010000000000000000001160608                                                      50001000
060000000000000000000000000000000000000000002412320000000365030001010000000000000000001160608                                                      50001000
060000000000000000000000000000000000000000002412340000000292850001010000000000000000001160608                                                      50001000
060000000000000000000000000000000000000000002412350000000297930001010000000000000000001160608                                                      50001000
060000000000000000000000000000000000000000002412360000000292850001010000000000000000001160608                                                      50001000
060000000000000000000000000000000000000000002412370000001659950001010000000000000000001160608                                                      50001000
060000000000000000000000000000000000000000002412380000000632580001010000000000000000001160608                                                      50001000
060000000000000000000000000000000000000000002412390000000261130001010000000000000000001160608                                                      50001000
060000000000000000000000000000000000000000002412400000004041020001010000000000000000001160608                                                      50001000
060000000000000000000000000000000000000000002412410000000261130001010000000000000000001160608                                                      50001000
060000000000000000000000000000000000000000002412420000001273230001010000000000000000001160608                                                      50001000
060000000000000000000000000000000000000000002412440000000261130001010000000000000000001160608                                                      50001000
060000000000000000000000000000000000000000002412450000000633060001010000000000000000001160608                                                      50001000
060000000000000000000000000000000000000000002412470000001189310001010000000000000000001160608                                                      50001000
060000000000000000000000000000000000000000002412480000000261130001010000000000000000001160608                                                      50001000
060000000000000000000000000000000000000000002412490000000261130001010000000000000000001160608                                                      50001000
060000000000000000000000000000000000000000002412500000000588220001010000000000000000001160608                                                      50001000
060000000000000000000000000000000000000000002412510000000185490001010000000000000000001160608                                                      50001000
060000000000000000000000000000000000000000002412520000000292850001010000000000000000001160608                                                      50001000
060000000000000000000000000000000000000000002412530000000295000001010000000000000000001160608                                                      50001000
060000000000000000000000000000000000000000002412540000000261130001010000000000000000001160608                                                      50001000
060000000000000000000000000000000000000000002412550000000194930001010000000000000000001160608                                                      50001000
060000000000000000000000000000000000000000002412560000000632580001010000000000000000001160608                                                      50001000
060000000000000000000000000000000000000000002412570000000261130001010000000000000000001160608                                                      50001000
060000000000000000000000000000000000000000002412580000000271760001010000000000000000001160608                                                      50001000
060000000000000000000000000000000000000000002412590000000261130001010000000000000000001160608                                                      50001000
060000000000000000000000000000000000000000002412600000000295000001010000000000000000001160608                                                      50001000
060000000000000000000000000000000000000000002412610000000261130001010000000000000000001160608                                                      50001000
060000000000000000000000000000000000000000002412620000000315070001010000000000000000001160608                                                      50001000
060000000000000000000000000000000000000000002412630000000294690001010000000000000000001160608                                                      50001000
060000000000000000000000000000000000000000002412640000000261130001010000000000000000001160608                                                      50001000
060000000000000000000000000000000000000000002412650000000496040001010000000000000000001160608                                                      50001000
060000000000000000000000000000000000000000002412680000000261130001010000000000000000001160608                                                      50001000
060000000000000000000000000000000000000000002412690000000261130001010000000000000000001160608                                                      50001000
060000000000000000000000000000000000000000002412700000000693790001010000000000000000001160608                                                      50001000
060000000000000000000000000000000000000000002412710000000261130001010000000000000000001160608                                                      50001000
060000000000000000000000000000000000000000002412720000000261130001010000000000000000001160608                                                      50001000
060000000000000000000000000000000000000000002412730000000190210001010000000000000000001160608                                                      50001000
060000000000000000000000000000000000000000002412740000000272610001010000000000000000001160608                                                      50001000
060000000000000000000000000000000000000000002412750000000292850001010000000000000000001160608                                                      50001000
060000000000000000000000000000000000000000002412760000000261090001010000000000000000001160608                                                      50001000
060000000000000000000000000000000000000000002412770000000261130001010000000000000000001160608                                                      50001000
060000000000000000000000000000000000000000002412790000000185490001010000000000000000001160608                                                      50001000
060000000000000000000000000000000000000000002412800000000261130001010000000000000000001160608                                                      50001000
060000000000000000000000000000000000000000002412810000000259920001010000000000000000001160608                                                      50001000
060000000000000000000000000000000000000000002412820000000785990001010000000000000000001160608                                                      50001000
060000000000000000000000000000000000000000002412830000000259920001010000000000000000001160608                                                      50001000
060000000000000000000000000000000000000000002412840000000261130001010000000000000000001160608                                                      50001000
060000000000000000000000000000000000000000002412850000000261130001010000000000000000001160608                                                      50001000
060000000000000000000000000000000000000000002412860000000261130001010000000000000000001160608                                                      50001000
060000000000000000000000000000000000000000002412870000000185490001010000000000000000001160608                                                      50001000
060000000000000000000000000000000000000000002412880000000185490001010000000000000000001160608                                                      50001000
060000000000000000000000000000000000000000002412890000000261130001010000000000000000001160608                                                      50001000
060000000000000000000000000000000000000000002412900000000261130001010000000000000000001160608                                                      50001000
060000000000000000000000000000000000000000002412910000000261130001010000000000000000001160608                                                      50001000
060000000000000000000000000000000000000000002412920000000185490001010000000000000000001160608                                                      50001000
060000000000000000000000000000000000000000002412940000000261130001010000000000000000001160608                                                      50001000
060000000000000000000000000000000000000000002412950000000404370001010000000000000000001160608                                                      50001000
060000000000000000000000000000000000000000002412960000000261130001010000000000000000001160608                                                      50001000
060000000000000000000000000000000000000000002412970000000185490001010000000000000000001160608                                                      50001000
060000000000000000000000000000000000000000002412980000000185490001010000000000000000001160608                                                      50001000
060000000000000000000000000000000000000000002413000000000185490001010000000000000000001160608                                                      50001000
060000000000000000000000000000000000000000002413010000000261090001010000000000000000001160608                                                      50001000
060000000000000000000000000000000000000000002413020000000261090001010000000000000000001160608                                                      50001000
060000000000000000000000000000000000000000002413030000000261130001010000000000000000001160608                                                      50001000
060000000000000000000000000000000000000000002413040000000271760001010000000000000000001160608                                                      50001000
060000000000000000000000000000000000000000002413050000000261130001010000000000000000001160608                                                      50001000
060000000000000000000000000000000000000000002413060000000261130001010000000000000000001160608                                                      50001000
060000000000000000000000000000000000000000002413070000000259920001010000000000000000001160608                                                      50001000
060000000000000000000000000000000000000000002413080000000185490001010000000000000000001160608                                                      50001000
060000000000000000000000000000000000000000002413090000000184630001010000000000000000001160608                                                      50001000
060000000000000000000000000000000000000000002413100000000270600001010000000000000000001160608                                                      50001000
060000000000000000000000000000000000000000002413110000002701630001010000000000000000001160608                                                      50001000
060000000000000000000000000000000000000000002413130000000261130001010000000000000000001160608                                                      50001000
060000000000000000000000000000000000000000002413140000000185490001010000000000000000001160608                                                      50001000
060000000000000000000000000000000000000000002413150000000209300001010000000000000000001160608                                                      50001000
060000000000000000000000000000000000000000002413160000000190210001010000000000000000001160608                                                      50001000
060000000000000000000000000000000000000000002413170000000204350001010000000000000000001160608                                                      50001000
060000000000000000000000000000000000000000002413180000000261130001010000000000000000001160608                                                      50001000
060000000000000000000000000000000000000000002413190000000259920001010000000000000000001160608                                                      50001000
060000000000000000000000000000000000000000002413200000000259920001010000000000000000001160608                                                      50001000
060000000000000000000000000000000000000000002413210000000183570001010000000000000000001160608                                                      50001000
060000000000000000000000000000000000000000002413220000000261090001010000000000000000001160608                                                      50001000
060000000000000000000000000000000000000000002413230000000261130001010000000000000000001160608                                                      50001000
060000000000000000000000000000000000000000002413240000000281070001010000000000000000001160608                                                      50001000
060000000000000000000000000000000000000000002413250000000271700001010000000000000000001160608                                                      50001000
060000000000000000000000000000000000000000002413260000000272610001010000000000000000001160608                                                      50001000
060000000000000000000000000000000000000000002413270000000190350001010000000000000000001160608                                                      50001000
060000000000000000000000000000000000000000002413280000000261130001010000000000000000001160608                                                      50001000
060000000000000000000000000000000000000000002413290000000185490001010000000000000000001160608                                                      50001000
060000000000000000000000000000000000000000002413300000000183570001010000000000000000001160608                                                      50001000
060000000000000000000000000000000000000000002413310000000261130001010000000000000000001160608                                                      50001000
060000000000000000000000000000000000000000002413320000000261130001010000000000000000001160608                                                      50001000
060000000000000000000000000000000000000000002413330000000259920001010000000000000000001160608                                                      50001000
060000000000000000000000000000000000000000002413340000000185490001010000000000000000001160608                                                      50001000
060000000000000000000000000000000000000000002413350000000271710001010000000000000000001160608                                                      50001000
060000000000000000000000000000000000000000002413360000000261130001010000000000000000001160608                                                      50001000
060000000000000000000000000000000000000000002413370000000184630001010000000000000000001160608                                                      50001000
060000000000000000000000000000000000000000002413380000000185490001010000000000000000001160608                                                      50001000
060000000000000000000000000000000000000000002413390000000185490001010000000000000000001160608                                                      50001000
060000000000000000000000000000000000000000002413400000000185490001010000000000000000001160608                                                      50001000
060000000000000000000000000000000000000000002413410000000261130001010000000000000000001160608                                                      50001000
060000000000000000000000000000000000000000002413420000000292900001010000000000000000001160608                                                      50001000
060000000000000000000000000000000000000000002413430000000185490001010000000000000000001160608                                                      50001000
060000000000000000000000000000000000000000002413440000000271700001010000000000000000001160608                                                      50001000
060000000000000000000000000000000000000000002413450000000315070001010000000000000000001160608                                                      50001000
060000000000000000000000000000000000000000002413460000000271700001010000000000000000001160608                                                      50001000
060000000000000000000000000000000000000000002413470000000185490001010000000000000000001160608                                                      50001000
060000000000000000000000000000000000000000002413480000000261090001010000000000000000001160608                                                      50001000
060000000000000000000000000000000000000000002413490000000261130001010000000000000000001160608                                                      50001000
060000000000000000000000000000000000000000002413510000000261130001010000000000000000001160608                                                      50001000
060000000000000000000000000000000000000000002413520000000261130001010000000000000000001160608                                                      50001000
060000000000000000000000000000000000000000002413530000000261130001010000000000000000001160608                                                      50001000
060000000000000000000000000000000000000000002413540000000261130001010000000000000000001160608                                                      50001000
060000000000000000000000000000000000000000002413550000000190200001010000000000000000001160608                                                      50001000
060000000000000000000000000000000000000000002413560000000194340001010000000000000000001160608                                                      50001000
060000000000000000000000000000000000000000002413570000000261130001010000000000000000001160608                                                      50001000
060000000000000000000000000000000000000000002413580000000261130001010000000000000000001160608                                                      50001000
060000000000000000000000000000000000000000002413590000000204580001010000000000000000001160608                                                      50001000
060000000000000000000000000000000000000000002413610000000184630001010000000000000000001160608                                                      50001000
060000000000000000000000000000000000000000002413620000000185490001010000000000000000001160608                                                      50001000
060000000000000000000000000000000000000000002413630000000219360001010000000000000000001160608                                                      50001000
060000000000000000000000000000000000000000002413640000000261130001010000000000000000001160608                                                      50001000
060000000000000000000000000000000000000000002413650000000101860001010000000000000000001160608                                                      50001000
060000000000000000000000000000000000000000002413660000000261130001010000000000000000001160608                                                      50001000
060000000000000000000000000000000000000000002413670000000261130001010000000000000000001160608                                                      50001000
060000000000000000000000000000000000000000002413690000000259920001010000000000000000001160608                                                      50001000
060000000000000000000000000000000000000000002413700000000261130001010000000000000000001160608                                                      50001000
060000000000000000000000000000000000000000002413720000000520960001010000000000000000001160608                                                      50001000
060000000000000000000000000000000000000000002413740000000259920001010000000000000000001160608                                                      50001000
060000000000000000000000000000000000000000002413750000000281080001010000000000000000001160608                                                      50001000
060000000000000000000000000000000000000000002413760000000270500001010000000000000000001160608                                                      50001000
060000000000000000000000000000000000000000002413770000000632580001010000000000000000001160608                                                      50001000
060000000000000000000000000000000000000000002413790000000270550001010000000000000000001160608                                                      50001000
060000000000000000000000000000000000000000002413800000000259920001010000000000000000001160608                                                      50001000
060000000000000000000000000000000000000000002413810000000261130001010000000000000000001160608                                                      50001000
060000000000000000000000000000000000000000002413820000000185490001010000000000000000001160608                                                      50001000
060000000000000000000000000000000000000000002413830000000194930001010000000000000000001160608                                                      50001000
060000000000000000000000000000000000000000002413840000000379480001010000000000000000001160608                                                      50001000
060000000000000000000000000000000000000000002413850000000952400001010000000000000000001160408                                                      50001000
060000000000000000000000000000000000000000002413850000000370940001010000000000000000001160608                                                      50001000
060000000000000000000000000000000000000000002413870000000261130001010000000000000000001160608                                                      50001000
060000000000000000000000000000000000000000002413880000000315070001010000000000000000001160608                                                      50001000
060000000000000000000000000000000000000000002413890000000261130001010000000000000000001160608                                                      50001000
060000000000000000000000000000000000000000002413920000000283790001010000000000000000001160608                                                      50001000
060000000000000000000000000000000000000000002413930000000316140001010000000000000000001160608                                                      50001000
060000000000000000000000000000000000000000002413940000000271670001010000000000000000001160608                                                      50001000
060000000000000000000000000000000000000000002413950000000261130001010000000000000000001160608                                                      50001000
060000000000000000000000000000000000000000002413960000000261130001010000000000000000001160608                                                      50001000
060000000000000000000000000000000000000000002413970000000190210001010000000000000000001160608                                                      50001000
060000000000000000000000000000000000000000002413980000000204590001010000000000000000001160608                                                      50001000
060000000000000000000000000000000000000000002413990000000185490001010000000000000000001160608                                                      50001000
060000000000000000000000000000000000000000002413990000000194910001010000000000000000001160708                                                      50001000
060000000000000000000000000000000000000000002414020000000259920001010000000000000000001160608                                                      50001000
060000000000000000000000000000000000000000002414030000000261130001010000000000000000001160608                                                      50001000
080000000200000000000280000001