01822000268920230215001                 20230215   0A00
0577099980136120001
060000000000000000000000000000000000000000004428290000000332390001010000000000000000001160608                                                      50001000
060000000000000000000000000000000000000000004430010000000377340001010000000000000000001160608                                                      50001000
060000000000000000000000000000000000000000004430020000000324860001010000000000000000001160608                                                      50001000
060000000000000000000000000000000000000000004430200000000324860001010000000000000000001160608                                                      50001000
060000000000000000000000000000000000000000004430680000000332390001010000000000000000001160608                                                      50001000
060000000000000000000000000000000000000000004431120000000166190001010000000000000000001160608                                                      50001000
060000000000000000000000000000000000000000004431590000000368370001010000000000000000001160608                                                      50001000
060000000000000000000000000000000000000000004432060000000368370001010000000000000000001160608                                                      50001000
060000000000000000000000000000000000000000004432620000000531350001010000000000000000001160608                                                      50001000
060000000000000000000000000000000000000000004433480000000377340001010000000000000000001160608                                                      50001000
080000000200000000000280000001