01412301010051                                           0000001
0200002426440000000000000000000000000000000261130022121100000002
0200002426450000000000000000000000000000000261130022121100000002
0200002426460000000000000000000000000000000261130022121100000002
0200002426470000000000000000000000000000000279640022121100000002
0200002426480000000000000000000000000000000261130022121100000002
0200002426490000000000000000000000000000000261130023010300000002
0200002426490000000000000000000000000000000261130022121100000002
0200002426510000000000000000000000000000000261130022121100000002
0200002426520000000000000000000000000000000261130022121100000002
0200002426530000000000000000000000000000000261130022121100000002
0200002426540000000000000000000000000000000955840022121100000002
0200002426550000000000000000000000000000000181210023010200000002
0200002426550000000000000000000000000000000181210022121100000002
0200002426570000000000000000000000000000000205350022121100000002
0200002426580000000000000000000000000000000195460022121100000002
0200002426590000000000000000000000000000001849280022121100000002
0200002426600000000000000000000000000000000190630022121100000002
0200002426610000000000000000000000000000000181210022121100000002
0200002426620000000000000000000000000000000195360022121100000002
0200002426630000000000000000000000000000000181210022121100000002
0200002426640000000000000000000000000000000185910022121100000002
0200002426650000000000000000000000000000000181210022121100000002
0200002426670000000000000000000000000000000185490022121100000002
0200002426680000000000000000000000000000000181210022121100000002
0200002426690000000000000000000000000000000261130022121100000002
0200002426700000000000000000000000000000000271400022121100000002
0200002426710000000000000000000000000000000159910022121100000002
0200002426720000000000000000000000000000000196390022121100000002
0200002426730000000000000000000000000000000181210022121100000002
0200002426740000000000000000000000000000000181210022121100000002
0200002426750000000000000000000000000000000181210022121100000002
0200002426760000000000000000000000000000000181210022121100000002
0200002426770000000000000000000000000000000181210022121100000002
0200002426780000000000000000000000000000000195750022121100000002
0200002426790000000000000000000000000000000185930022121100000002
0200002426800000000000000000000000000000000261130022121100000002
0200002426810000000000000000000000000000000261130022121100000002
0200002426830000000000000000000000000000000181210022121100000002
0200002426840000000000000000000000000000000380650022121100000002
0200002426850000000000000000000000000000000180350022121100000002
0200002426860000000000000000000000000000000186040022121100000002
0200002426870000000000000000000000000000000181210022121100000002
0200002426880000000000000000000000000000000176530022121100000002
0200002426890000000000000000000000000000000181210022121100000002
0200002426900000000000000000000000000000000282290022121100000002
0200002426920000000000000000000000000000000400000022121100000002
0200002426930000000000000000000000000000000159910022121100000002
0200002426940000000000000000000000000000000159910022121100000002
0200002426950000000000000000000000000000000181210022121100000002
0200002426950000000000000000000000000000000159910022121100000002
0900000001600000256769000000034438400                    0000018
