01742212030009                                           0000000
0200019575900000000000000000038382000000000038382002212030000001
0200019576000000000000000000001643000000000016430002212030000002
0200019576100000000000000000003297100000000032971002212030000003
0200019576200000000000000000003741600000000037416002212030000004
0200019576300000000000000000003741600000000037416002212030000005
0200019576400000000000000000003885400000000038854002212030000006
0200019576500000000000000000003423700000000034237002212030000007
0200019576600000000000000000393260000000000039326002212030000008
0200019576700000000000000000003741600000000037416002212030000009
0200019576800000000000000000003741600000000037416002212030000010
0900000000500004000000000000000000000                    0000006