0182200026892022120500100000000636332843202211210720A02                                                                                                           
0577099980136120001                                                                                                                                               
0600000000000000000000000000000000000000000043230900000001662000010100000000000099905420000001
0600000000000000000000000000000000000000000043231400000001662000010100000000000099905420000002
0600000000000000000000000000000000000000000043231800000001841900010100000000000099905420000003
0600000000000000000000000000000000000000000043238700000001841900010100000000000099905420000004
0600000000000000000000000000000000000000000043238900000010794200010100000000000099905420000005
0600000000000000000000000000000000000000000043248400000001886700010100000000000099905420000006
0600000000000000000000000000000000000000000043258500000001841900010100000000000099905420000007
0600000000000000000000000000000000000000000043258800000001886700010100000000000099905420000008
0600000000000000000000000000000000000000000043260400000001662000010100000000000099905420000009
0600000000000000000000000000000000000000000043262900000002656800010100000000000099905420000010
0600000000000000000000000000000000000000000043263200000001624300010100000000000099905420000011
0600000000000000000000000000000000000000000043267900000001662000010100000000000099905420000012
0600000000000000000000000000000000000000000043272300000001662000010100000000000099905420000013
0600000000000000000000000000000000000000000043273800000001624300010100000000000099905420000014
0600000000000000000000000000000000000000000043274600000006488400010100000000000099905420000015
0600000000000000000000000000000000000000000043276700000001662000010100000000000099905420000016
0600000000000000000000000000000000000000000043276800000001662000010100000000000099905420000017
0600000000000000000000000000000000000000000043281000000002656800010100000000000099905420000018
0600000000000000000000000000000000000000000043284300000001841900010100000000000099905420000019
0600000000000000000000000000000000000000000043289100000001662000010100000000000099905420000020
0600000000000000000000000000000000000000000043299800000001841900010100000000000099905420000021
0600000000000000000000000000000000000000000043304800000044778900010100000000000099905420000022
0600000000000000000000000000000000000000000043311700000002656800010100000000000099905420000023
0600000000000000000000000000000000000000000043312400000001886700010100000000000099905420000024
0600000000000000000000000000000000000000000043316200000002656800010100000000000099905420000025
0600000000000000000000000000000000000000000043316300000002656800010100000000000099905420000026
0600000000000000000000000000000000000000000043316400000002656800010100000000000099905420000027
0000000000132389000001                                                                                                                                 
09000000001000000000013238900                                                                                                                                     
