01812212130009                                           0000000
0200001957792212122211300000003297100000000329710022121300000001
0200001957802212122211300000003838200000000383820022121300000001
0200001957822212122211300000003741600000000374160022121300000001
0200001957832212122211300000003791100000000379110022121300000001
0200001957842212122211300000003741600000000374160022121300000001
0200001957852212122211300000003887300000000388730022121300000001
0200001957862212122211300000003788800000000378880022121300000001
0200001957882212122211300000003741600000000374160022121300000001
0200001957892212122211300000003741600000000374160022121300000001
0200001957902212122211300000007732600000000773260022121300000001
0200001957912212122211300000003741600000000374160022121300000001
0200001957922212122211300000003741600000000374160022121300000001
0200001957932212122211300000003338700000000333870022121300000001
0200001957942212122211300000003741600000000374160022121300000001
0200001957952212122211300000003297100000000329710022121300000001
0200001957962212122211300000003741600000000374160022121300000001
0200001957972212122211300000003297100000000329710022121300000001
0200001957982212122211300000005373900000000537390022121300000001
0200001957992212122211300000003741600000000374160022121300000001
0200001958002212122211300000003741600000000374160022121300000001
0200001958012212122211300000003741600000000374160022121300000001
0200001958022212122211300000003741600000000374160022121300000001
0200001958032212122211300000003788800000000378880022121300000001
0200001958042212122211300000003741600000000374160022121300000001
0200001958052212122211300000003741600000000374160022121300000001
0200001958062212122211300000003741600000000374160022121300000001
0200001958072212122211300000003741600000000374160022121300000001
0200001958082212122211300000003788700000000378870022121300000001
0200002166862212122211300000001854900000000185490022121300000001
0200002166872212122211300000003700500000000370050022121300000001
0200002166882212122211300000002001600000000200160022121300000001
0200002166892212122211300000001902100000000190210022121300000001
0200002166902212122211300000001854900000000185490022121300000001
0200002166912212122211300000001854900000000185490022121300000001
0200002166922212122211300000001854900000000185490022121300000001
0200002166932212122211300000002000700000000200070022121300000001
0200002166942212122211300000001949200000000194920022121300000001
0200002166952212122211300000005533500000000553350022121300000001
0200002166962212122211300000001854900000000185490022121300000001
0200002166972212122211300000001922900000000192290022121300000001
0200002166992212122211300000001854900000000185490022121300000001
0200002167002212122211300000001904400000000190440022121300000001
0200002167012212122211300000001854900000000185490022121300000001
0200002167022212122211300000001854900000000185490022121300000001
0200002167032212122211300000001854900000000185490022121300000001
0200002167042212122211300000001854900000000185490022121300000001
0200002167052212122211300000001854900000000185490022121300000001
0200002167062212122211300000001902100000000190210022121300000001
0200002167072212122211300000001854900000000185490022121300000001
0200002167082212122211300000001854900000000185490022121300000001
0200002167092212122211300000001902000000000190200022121300000001
0200002167102212122211300000001872900000000187290022121300000001
0200002167112212122211300000001854900000000185490022121300000001
0200002167122212122211300000002006000000000200600022121300000001
0200002167132212122211300000006408300000000640830022121300000001
0200002167142212122211300000001854900000000185490022121300000001
0200002167152212122211300000001854900000000185490022121300000001
0200002167162212122211300000001854900000000185490022121300000001
0200002167172212122211300000001854900000000185490022121300000001
0200002167182212122211300000001902100000000190210022121300000001
0200002167192212122211300000001854900000000185490022121300000001
0200002167202212122211300000001854900000000185490022121300000001
0200002167212212122211300000001996300000000199630022121300000001
0200002167222212122211300000001854900000000185490022121300000001
0200002167232212122211300000001854900000000185490022121300000001
0200002167242212122211300000001996300000000199630022121300000001
0200002167252212122211300000001854900000000185490022121300000001
0200002167262212122211300000001949200000000194920022121300000001
0200002167272212122211300000001900500000000190050022121300000001
0200002167282212122211300000001854900000000185490022121300000001
0200002167292212122211300000001854900000000185490022121300000001
0200002167302212122211300000034424400000003442440022121300000001
0200002167312212122211300000001846300000000184630022121300000001
0200002167322212122211300000006000300000000600030022121300000001
0200002167332212122211300000001854900000000185490022121300000001
0200002167342212122211300000006040300000000604030022121300000001
0200002167352212122211300000001854900000000185490022121300000001
0200002167362212122211300000001854900000000185490022121300000001
0200002167372212122211300000001949100000000194910022121300000001
0200002167382212122211300000001953000000000195300022121300000001
0200002167392212122211300000001998600000000199860022121300000001
0200002167402212122211300000001854900000000185490022121300000001
0200002167412212122211300000003700500000000370050022121300000001
0200002167422212122211300000001998800000000199880022121300000001
0200002167432212122211300000001913600000000191360022121300000001
0200002167442212122211300000001953000000000195300022121300000001
0200002167452212122211300000001902100000000190210022121300000001
0200002167462212122211300000001854900000000185490022121300000001
0200002167472212122211300000001904400000000190440022121300000001
090000009000005484496000000000000000                    0000002
