01812301090009                                           0000000
0200002423032212122211300000002611300000000261130022120400000001
0200002423052212122211300000001904400000000190440022120400000002
0200002423062212122211300000006306500000000630650022120400000003
0200002423072212122211300000001854900000000185490022120400000004
0200002423082212122211300000001902100000000190210022120400000005
0200002423092212122211300000002611300000000261130022120400000006
0200002423102212122211300000002611300000000261130022120400000007
0200002423112212122211300000006325800000000632580022120400000008
0200002423122212122211300000002714000000000271400022120400000009
0200002423122212122211300000002714000000000271400022120400000010
0900000001000000288416000000000000000                    0000011
