01822000268920221205001                 20221205   0A00
0577099980136120001
060000000000000000000000000000000000000000002414080000000261090001010000000000000000001160608                                                      50001000
060000000000000000000000000000000000000000002414100000000185490001010000000000000000001160608                                                      50001000
060000000000000000000000000000000000000000002414110000000194050001010000000000000000001160608                                                      50001000
060000000000000000000000000000000000000000002414120000000205010001010000000000000000001160608                                                      50001000
060000000000000000000000000000000000000000002414130000000190200001010000000000000000001160608                                                      50001000
060000000000000000000000000000000000000000002414140000000185490001010000000000000000001160608                                                      50001000
060000000000000000000000000000000000000000002414150000000199630001010000000000000000001160608                                                      50001000
060000000000000000000000000000000000000000002414160000000283340001010000000000000000001160608                                                      50001000
060000000000000000000000000000000000000000002414170000000280220001010000000000000000001160608                                                      50001000
060000000000000000000000000000000000000000002414180000000275800001010000000000000000001160608                                                      50001000
060000000000000000000000000000000000000000002414200000000259920001010000000000000000001160608                                                      50001000
060000000000000000000000000000000000000000002414210000000184630001010000000000000000001160608                                                      50001000
060000000000000000000000000000000000000000002414220000000283480001010000000000000000001160608                                                      50001000
060000000000000000000000000000000000000000002414230000000185460001010000000000000000001160608                                                      50001000
060000000000000000000000000000000000000000002414240000000194910001010000000000000000001160608                                                      50001000
060000000000000000000000000000000000000000002414250000000272270001010000000000000000001160608                                                      50001000
060000000000000000000000000000000000000000002414260000000281110001010000000000000000001160608                                                      50001000
060000000000000000000000000000000000000000002414270000000199860001010000000000000000001160608                                                      50001000
060000000000000000000000000000000000000000002414280000000184630001010000000000000000001160608                                                      50001000
060000000000000000000000000000000000000000002414290000000185490001010000000000000000001160608                                                      50001000
060000000000000000000000000000000000000000002414300000000476630001010000000000000000001160608                                                      50001000
060000000000000000000000000000000000000000002414320000000185490001010000000000000000001160608                                                      50001000
060000000000000000000000000000000000000000002414330000000185490001010000000000000000001160608                                                      50001000
060000000000000000000000000000000000000000002414340000001841400001010000000000000000001160608                                                      50001000
060000000000000000000000000000000000000000002414350000000485830001010000000000000000001160608                                                      50001000
060000000000000000000000000000000000000000002414360000000261130001010000000000000000001160608                                                      50001000
060000000000000000000000000000000000000000002414380000000261130001010000000000000000001160608                                                      50001000
060000000000000000000000000000000000000000002414390000000259920001010000000000000000001160608                                                      50001000
060000000000000000000000000000000000000000002414400000000632580001010000000000000000001160608                                                      50001000
060000000000000000000000000000000000000000002414420000000184630001010000000000000000001160608                                                      50001000
060000000000000000000000000000000000000000002414430000000185490001010000000000000000001160608                                                      50001000
060000000000000000000000000000000000000000002414440000000194050001010000000000000000001160608                                                      50001000
060000000000000000000000000000000000000000002414450000000190210001010000000000000000001160608                                                      50001000
060000000000000000000000000000000000000000002414460000000185460001010000000000000000001160608                                                      50001000
060000000000000000000000000000000000000000002414470000000185490001010000000000000000001160608                                                      50001000
060000000000000000000000000000000000000000002414480000000190060001010000000000000000001160608                                                      50001000
060000000000000000000000000000000000000000002414490000000271710001010000000000000000001160608                                                      50001000
060000000000000000000000000000000000000000002414500000000304970001010000000000000000001160608                                                      50001000
060000000000000000000000000000000000000000002414510000000317350001010000000000000000001160608                                                      50001000
060000000000000000000000000000000000000000002414520000000259920001010000000000000000001160608                                                      50001000
060000000000000000000000000000000000000000002414530000000185490001010000000000000000001160608                                                      50001000
060000000000000000000000000000000000000000002414540000000190200001010000000000000000001160608                                                      50001000
060000000000000000000000000000000000000000002414550000000632520001010000000000000000001160608                                                      50001000
060000000000000000000000000000000000000000002414560000000184630001010000000000000000001160608                                                      50001000
060000000000000000000000000000000000000000002414570000000184630001010000000000000000001160608                                                      50001000
060000000000000000000000000000000000000000002414590000003587970001010000000000000000001160608                                                      50001000
060000000000000000000000000000000000000000002414600000000185460001010000000000000000001160608                                                      50001000
060000000000000000000000000000000000000000002414610000000633660001010000000000000000001160608                                                      50001000
060000000000000000000000000000000000000000002414630000000185490001010000000000000000001160608                                                      50001000
060000000000000000000000000000000000000000002414640000000392220001010000000000000000001160608                                                      50001000
060000000000000000000000000000000000000000002414650000000199870001010000000000000000001160608                                                      50001000
060000000000000000000000000000000000000000002414660000000185490001010000000000000000001160608                                                      50001000
060000000000000000000000000000000000000000002414670000000261130001010000000000000000001160608                                                      50001000
060000000000000000000000000000000000000000002414680000000185490001010000000000000000001160608                                                      50001000
060000000000000000000000000000000000000000002414690000000261130001010000000000000000001160608                                                      50001000
060000000000000000000000000000000000000000002414700000000184630001010000000000000000001160608                                                      50001000
060000000000000000000000000000000000000000002414710000000261130001010000000000000000001160608                                                      50001000
060000000000000000000000000000000000000000002414720000000185490001010000000000000000001160608                                                      50001000
060000000000000000000000000000000000000000002414740000000261130001010000000000000000001160608                                                      50001000
060000000000000000000000000000000000000000002414750000000185490001010000000000000000001160608                                                      50001000
060000000000000000000000000000000000000000002414760000000162710001010000000000000000001160608                                                      50001000
060000000000000000000000000000000000000000002414770000000163480001010000000000000000001160608                                                      50001000
060000000000000000000000000000000000000000002414780000000162710001010000000000000000001160608                                                      50001000
060000000000000000000000000000000000000000002414790000000163510001010000000000000000001160608                                                      50001000
060000000000000000000000000000000000000000002414800000000167650001010000000000000000001160608                                                      50001000
060000000000000000000000000000000000000000002414810000000163510001010000000000000000001160608                                                      50001000
060000000000000000000000000000000000000000002414820000000167660001010000000000000000001160608                                                      50001000
060000000000000000000000000000000000000000002414830000000261130001010000000000000000001160608                                                      50001000
060000000000000000000000000000000000000000002414840000000261090001010000000000000000001160608                                                      50001000
060000000000000000000000000000000000000000002414850000000271760001010000000000000000001160608                                                      50001000
060000000000000000000000000000000000000000002414860000000261130001010000000000000000001160608                                                      50001000
060000000000000000000000000000000000000000002414870000000261130001010000000000000000001160608                                                      50001000
060000000000000000000000000000000000000000002414880000000271710001010000000000000000001160608                                                      50001000
060000000000000000000000000000000000000000002414890000000261090001010000000000000000001160608                                                      50001000
060000000000000000000000000000000000000000002414900000000261130001010000000000000000001160608                                                      50001000
060000000000000000000000000000000000000000002414910000000261130001010000000000000000001160608                                                      50001000
060000000000000000000000000000000000000000002414920000000261130001010000000000000000001160608                                                      50001000
060000000000000000000000000000000000000000002414930000000261130001010000000000000000001160608                                                      50001000
060000000000000000000000000000000000000000002414940000000261090001010000000000000000001160608                                                      50001000
060000000000000000000000000000000000000000002414950000000261130001010000000000000000001160608                                                      50001000
060000000000000000000000000000000000000000002414960000000261130001010000000000000000001160608                                                      50001000
060000000000000000000000000000000000000000002414970000000259920001010000000000000000001160608                                                      50001000
060000000000000000000000000000000000000000002414980000000259920001010000000000000000001160608                                                      50001000
060000000000000000000000000000000000000000002414990000000259920001010000000000000000001160608                                                      50001000
060000000000000000000000000000000000000000002415000000000261130001010000000000000000001160608                                                      50001000
060000000000000000000000000000000000000000002415010000000261130001010000000000000000001160608                                                      50001000
060000000000000000000000000000000000000000002415020000000199630001010000000000000000001160608                                                      50001000
060000000000000000000000000000000000000000002415030000000261130001010000000000000000001160608                                                      50001000
060000000000000000000000000000000000000000002415040000000261090001010000000000000000001160608                                                      50001000
060000000000000000000000000000000000000000002415050000000261130001010000000000000000001160608                                                      50001000
060000000000000000000000000000000000000000002415060000000185490001010000000000000000001160608                                                      50001000
060000000000000000000000000000000000000000002415070000000388810001010000000000000000001160608                                                      50001000
060000000000000000000000000000000000000000002415080000000271720001010000000000000000001160608                                                      50001000
060000000000000000000000000000000000000000002415090000000259920001010000000000000000001160608                                                      50001000
060000000000000000000000000000000000000000002415100000000270500001010000000000000000001160608                                                      50001000
060000000000000000000000000000000000000000002415110000000261130001010000000000000000001160608                                                      50001000
060000000000000000000000000000000000000000002415120000000261090001010000000000000000001160608                                                      50001000
060000000000000000000000000000000000000000002415140000000261130001010000000000000000001160608                                                      50001000
060000000000000000000000000000000000000000002415150000000261130001010000000000000000001160608                                                      50001000
060000000000000000000000000000000000000000002415160000000259920001010000000000000000001160608                                                      50001000
080000000200000000000280000001