01812301090009                                           0000000
0200002423032212122211300000002611300000000261130023010900000001
0200002423052212122211300000001904400000000190440023010900000002
0200002423062212122211300000006306500000000630650023010900000003
0200002423072212122211300000001854900000000185490023010900000004
0200002423082212122211300000001902100000000190210023010900000005
0200002423092212122211300000002611300000000261130023010900000006
0200002423102212122211300000002611300000000261130023010900000007
0200002423112212122211300000006325800000000632580023010900000008
0200002423122212122211300000002714000000000271400023010900000009
0200002423122212122211300000002714000000000271400023010900000010
0900000001000000288416000000000000000                    0000011
