01742212050009                                           0000000
0200004566012212182211210000001624300000000000000022113000000047
0200004566022212182211210000002656800000000000000022113000000047
0200004566032212182211210000002656800000000000000022113000000047
0200004566062212182211210000001624300000000000000022113000000047
0200004566062212182211210000001624300000000000000022113000000047
0200004566082212182211210000001624300000000000000022113000000047
0200004566092212182211210000001624300000000000000022113000000047
0200004566102212182211210000001624300000000000000022113000000047
0200004566112212182211210000001624300000000000000022113000000047
0200004566122212182211210000001624300000000000000022113000000047
0200004566142212182211210000001624300000000000000022113000000047
0200004566162212182211210000001624300000000000000022113000000047
0200004566172212182211210000001624300000000000000022113000000047
0200004566182212182211210000001624300000000000000022113000000047
0200004566202212182211210000001624300000000000000022113000000047
0200004566222212182211210000001624300000000000000022113000000047
0200004566232212182211210000001624300000000000000022113000000047
0200004566242212182211210000001624300000000000000022113000000047
0200004566252212182211210000001624300000000000000022113000000047
0200004566262212182211210000001624300000000000000022113000000047
0200004566282212182211210000001624300000000000000022113000000047
0200004566292212182211210000001624300000000000000022113000000047
0200004566302212182211210000001624300000000000000022113000000047
0200004566312212182211210000001624300000000000000022113000000047
0200004566322212182211210000001624300000000000000022113000000047
0200004566332212182211210000001624300000000000000022113000000047
0200004566342212182211210000001624300000000000000022113000000047
0200004566352212182211210000001624300000000000000022113000000047
0200004566362212182211210000001624300000000000000022113000000047
0200004566372212182211210000001624300000000000000022113000000047
0200004566382212182211210000001624300000000000000022113000000047
0200004566392212182211210000001624300000000000000022113000000047
0200004566402212182211210000001624300000000000000022113000000047
0200004566412212182211210000001624300000000000000022113000000047
0200004566422212182211210000001624300000000000000022113000000047
0200004566442212182211210000001624300000000000000022113000000047
0200004566462212182211210000001624300000000000000022113000000047
0200004566472212182211210000001624300000000000000022113000000047
0200004566482212182211210000001624300000000000000022113000000047
0200004566492212182211210000001662000000000000000022113000000047
0200004566502212182211210000001624300000000000000022113000000047
0200004566512212182211210000001624300000000000000022113000000047
0200004566522212182211210000001624300000000000000022113000000047
0200004566532212182211210000001624300000000000000022113000000047
0200004566542212182211210000001624300000000000000022113000000047
0200004566552212182211210000001624300000000000000022113000000047
0200004566562212182211210000001624300000000000000022113000000047
0200004566582212182211210000001624300000000000000022113000000047
0200004566592212182211210000001624300000000000000022113000000047
0200004566602212182211210000001624300000000000000022113000000047
0200004566612212182211210000001624300000000000000022113000000047
0200004566622212182211210000001624300000000000000022113000000047
0200004566632212182211210000001624300000000000000022113000000047
0200004566642212182211210000001624300000000000000022113000000047
0200004566652212182211210000001624300000000000000022113000000047
0200004566662212182211210000001662000000000000000022113000000047
0200004566672212182211210000001624300000000000000022113000000047
0200004566682212182211210000001624300000000000000022113000000047
0200004566692212182211210000001624300000000000000022113000000047
0200004566702212182211210000001624300000000000000022113000000047
0200004566712212182211210000001624300000000000000022113000000047
0200004566722212182211210000001624300000000000000022113000000047
0200004566732212182211210000001624300000000000000022113000000047
0200004566752212182211210000001662000000000000000022113000000047
0200004566762212182211210000001662000000000000000022113000000047
0200004566772212182211210000001662000000000000000022113000000047
0200004566782212182211210000006488400000000000000022113000000047
0200004566782212182211210000002656800000000000000022113000000047
0200004567382212182211210000001662000000000000000022113000000047
0200004567752212182211210000001886700000000000000022113000000047
0200004569682212182211210000004111400000000000000022113000000047
0200004570802212182211210000002747600000000000000022113000000047
0200004571092212182211210000001662000000000000000022113000000047
0200004571452212182211210000001662000000000000000022113000000047
0200004572482212182211210000001662000000000000000022113000000047
0200004572502212182211210000001662000000000000000022113000000047
0200004573112212182211210000001624300000000000000022113000000047
0200004573632212182211210000001624300000000000000022113000000047
0200004573632212182211210000001624300000000000000022113000000047
0200004574252212182211210000001662000000000000000022113000000047
0200004574962212182211210000001038300000000000000022113000000047
0200004575172212182211210000001662000000000000000022113000000047
0900000000100000076245000000000000000                    0000002