018220002689202212170195500155063       202212170844B01                                                                                                          	
0500000000000000001                                                                                                                                              	
0600000000000000000000000000000000000000000024154900000002611300011500000000000001900010000002
0600000000000000000000000000000000000000000024155000000002046000011500000000000001900010000002
0600000000000000000000000000000000000000000024155100000001854900011500000000000001900010000002
0600000000000000000000000000000000000000000024155300000001854900011500000000000001900010000002
0600000000000000000000000000000000000000000024155400000001994900011500000000000001900010000002
0600000000000000000000000000000000000000000024155500000001854600011500000000000001900010000002
0600000000000000000000000000000000000000000024155600000002822900011500000000000001900010000002
0600000000000000000000000000000000000000000024155700000001846300011500000000000001900010000002
0600000000000000000000000000000000000000000024155800000001902100011500000000000001900010000002
0600000000000000000000000000000000000000000024155900000002717100011500000000000001900010000002
0600000000000000000000000000000000000000000024156100000002611300011500000000000001900010000002
0600000000000000000000000000000000000000000024156200000003693200011500000000000001900010000002
0600000000000000000000000000000000000000000024156300000002658400011500000000000001900010000002
0600000000000000000000000000000000000000000024156500000002611300011500000000000001900010000002
0600000000000000000000000000000000000000000024156600000003563000011500000000000001900010000002
0600000000000000000000000000000000000000000024156700000002098700011500000000000001900010000002
0600000000000000000000000000000000000000000024156800000001854900011500000000000001900010000002
0600000000000000000000000000000000000000000024156900000001729000011500000000000001900010000002
0600000000000000000000000000000000000000000024157000000001902100011500000000000001900010000002
0600000000000000000000000000000000000000000024157100000001846300011500000000000001900010000002                                                                   	
080000000520000000001340492000001                                                                                                                                	
09000000052000000000134049200                                                                                                                                    	
