01812212010009                                           0000000
0200002424222212122211300000005000000000000500000022120400000001
0200002424232212122211300000001854900000000185490022120400000001
0200002424242212122211300000002717100000000271710022120400000001
0200002424242212122211300000001900600000000190060022120400000001
0200002424262212122211300000002832700000000283270022120400000001
0200002424272212122211300000001854900000000185490022120400000001
0200002424282212122211300000002611300000000261130022120400000001
0200002424292212122211300000002928900000000292890022120400000001
0200002424302212122211300000002611300000000261130022120400000001
0200002424312212122211300000002717000000000271700022120400000001
0200002424322212122211300000001549000000000154900022120400000001
0200002424332212122211300000001854900000000185490022120400000001
0200002423862212122211300000001854900000000185490022120400000001
0200002423872212122211300000002717100000000271710022120400000001
0200002423882212122211300000002946600000000294660022120400000001
0200002423892212122211300000003173500000000317350022120400000001
0200002423902212122211300000002611300000000261130022120400000001
0200002423902212122211300000002611300000000261130022120400000001
0200002423922212122211300000002611300000000261130022120400000001
0200002423932212122211300000002611300000000261130022120400000001
0200002423942212122211300000002611300000000261130022120400000001
0200002423952212122211300000002611300000000261130022120400000001
0200002423962212122211300000004475300000000447530022120400000001
0200002423962212122211300000002711300000000271130022120400000001
0200002423982212122211300000001635100000000163510022120400000001
0200002423992212122211300000002611300000000261130022120400000001
0200002424002212122211300000002726100000000272610022120400000001
0200002424012212122211300000002611300000000261130022120400000001
0200002424022212122211300000002615900000000261590022120400000001
0200002424032212122211300000001952100000000195210022120400000001
0200002424042212122211300000002611300000000261130022120400000001
0200002424052212122211300000005633700000000563370022120400000001
0200002424062212122211300000002611300000000261130022120400000001
0200002424072212122211300000002611300000000261130022120400000001
0200002424082212122211300000002611300000000261130022120400000001
0200002424092212122211300000001904400000000190440022120400000001
0200002424102212122211300000001635100000000163510022120400000001
0200002424112212122211300000001854600000000185460022120400000001
0200002424122212122211300000001635100000000163510022120400000001
0200002424132212122211300000001854900000000185490022120400000001
0200002424142212122211300000002098700000000209870022120400000001
0200002424152212122211300000001854900000000185490022120400000001
0200002424162212122211300000001854900000000185490022120400000001
0200002424172212122211300000002696300000000269630022120400000001
0200002424182212122211300000002599200000000259920022120400000001
0200002424192212122211300000002611300000000261130022120400000001
0200002424202212122211300000001902000000000190200022120400000001
0200002424212212122211300000004814800000000481480022120400000001
0200002424222212122211300000017065100000001706510022120400000001
0200002424232212122211300000001854900000000185490022120400000001
0200002424242212122211300000002717100000000271710022120400000001
0200002424252212122211300000001900600000000190060022120400000001
0200002424262212122211300000002832700000000283270022120400000001
0200002424272212122211300000001854900000000185490022120400000001
0200002424282212122211300000002611300000000261130022120400000001
0200002424292212122211300000002928900000000292890022120400000001
0200002424302212122211300000002611300000000261130022120400000001
0200002424312212122211300000002717000000000271700022120400000001
0200002424322212122211300000001549000000000154900022120400000001
0200002424332212122211300000001854900000000185490022120400000001
0200002424342212122211300000001902100000000190210022120400000001
0200002424352212122211300000002611300000000261130022120400000001
0200002424362212122211300000002611300000000261130022120400000001
0200002424372212122211300000002611300000000261130022120400000001
0200002424382212122211300000006561200000000656120022120400000001
0200002424392212122211300000002832700000000283270022120400000001
0200002424422212122211300000001854900000000185490022120400000001
0200002424432212122211300000001902100000000190210022120400000001
0200002424442212122211300000002611300000000261130022120400000001
0200002424452212122211300000002611300000000261130022120400000001
0200002424462212122211300000002611300000000261130022120400000001
0200002424472212122211300000001902100000000190210022120400000001
0200002424482212122211300000001901900000000190190022120400000001
0200002424492212122211300000009523500000000952350022120400000001
0200002424502212122211300000001854900000000185490022120400000001
0200002424512212122211300000001846300000000184630022120400000001
0200002424522212122211300000002610900000000261090022120400000001
0200002424532212122211300000002717000000000271700022120400000001
0200002424542212122211300000002827100000000282710022120400000001
0200002424552212122211300000002611300000000261130022120400000001
0200002424562212122211300000001854900000000185490022120400000001
0200002424572212122211300000001951600000000195160022120400000001
0200002424582212122211300000001854900000000185490022120400000001
0200002424592212122211300000001854900000000185490022120400000001
0200002424602212122211300000001854900000000185490022120400000001
0200002424612212122211300000002611300000000261130022120400000001
0200002424622212122211300000002611300000000261130022120400000001
0200002424632212122211300000002611300000000261130022120400000001
0200002424652212122211300000001854900000000185490022120400000001
0200002424652212122211300000001854900000000185490022120400000001
0200002424672212122211300000003150700000000315070022120400000001
0200002424682212122211300000002611300000000261130022120400000001
0200002424692212122211300000002611300000000261130022120400000001
0200002424702212122211300000001846300000000184630022120400000001
0200002424712212122211300000002611300000000261130022120400000001
0200002424722212122211300000002599200000000259920022120400000001
0200002424732212122211300000002611300000000261130022120400000001
0200002424742212122211300000002611300000000261130022120400000001
0200002424752212122211300000002599200000000259920022120400000001
0200002424762212122211300000002611300000000261130022120400000001
0900000000500000184762000000000000000                    0000006
