01742301090009                                           0000000
0200004565812212182211210000001662000000000000000023010900000001
0200004565832212182211210000001624300000000000000023010800000002
0200004565842212182211210000001662000000000000000023010900000003
0200004565852212182211210000001662000000000000000023010900000004
0200004565862212182211210000001662000000000000000023010900000005
0200004565872212182211210000001624300000000000000023010900000006
0200004565882212182211210000001662000000000000000023010900000007
0200004565892212182211210000001662000000000000000023010800000008
0200004565902212182211210000001662000000000000000023010800000009
0200004565902212182211210000001662000000000000000023010900000010
0900000001000000066063000000000000000                    0000003
