01812212010009                                           0000000
0200002423222212122211300000002744400000000274440022120400000001
0200002423232212122211300000002611300000000261130022120400000001
0200002423242212122211300000002611300000000261130022120400000001
0200002423252212122211300000002611300000000261130022120400000001
0200002423252212122211300000002098700000000209870022120400000001
0200002423272212122211300000001854900000000185490022120400000001
0200002423282212122211300000002810700000000281070022120400000001
0200002423292212122211300000002611300000000261130022120400000001
0200002423302212122211300000002717100000000271710022120400000001
0200002423312212122211300000002611300000000261130022120400000001
0200002423322212122211300000002717100000000271710022120400000001
0200002423332212122211300000002611300000000261130022120400000001
0200002423342212122211300000003491900000000349190022120400000001
0200002423352212122211300000002611300000000261130022120400000001
0200002423352212122211300000002717000000000271700022120400000001
0200002423372212122211300000002611300000000261130022120400000001
0200002423382212122211300000002610900000000261090022120400000001
0200002423392212122211300000002611300000000261130022120400000001
0200002423402212122211300000002611300000000261130022120400000001
0200002423412212122211300000002611300000000261130022120400000001
0200002423422212122211300000002611300000000261130022120400000001
0200002423432212122211300000002932800000000293280022120400000001
0200002423442212122211300000002932800000000293280022120400000001
0200002423452212122211300000002611300000000261130022120400000001
0200002423462212122211300000002599200000000259920022120400000001
0200002423472212122211300000001949200000000194920022120400000001
0200002423482212122211300000002716700000000271670022120400000001
0200002423492212122211300000011354200000001135420022120400000001
0200002423502212122211300000001854900000000185490022120400000001
0200002423512212122211300000002611300000000261130022120400000001
0200002423522212122211300000002711400000000271140022120400000001
0200002423532212122211300000002611300000000261130022120400000001
0200002423542212122211300000003044400000000304440022120400000001
0200002423552212122211300000003150700000000315070022120400000001
0200002423562212122211300000002611300000000261130022120400000001
0200002423572212122211300000001854900000000185490022120400000001
0200002423582212122211300000001635100000000163510022120400000001
0200002423592212122211300000001863900000000186390022120400000001
0200002423602212122211300000001635100000000163510022120400000001
0200002423612212122211300000001799100000000179910022120400000001
0200002423622212122211300000003700500000000370050022120400000001
0200002423632212122211300000001635100000000163510022120400000001
0200002423642212122211300000002611300000000261130022120400000001
0200002423652212122211300000002611300000000261130022120400000001
0200002423662212122211300000002611300000000261130022120400000001
0200002423672212122211300000002611300000000261130022120400000001
0200002423682212122211300000002946900000000294690022120400000001
0200002423692212122211300000001846300000000184630022120400000001
0200002423702212122211300000002611300000000261130022120400000001
0200002423712212122211300000002611300000000261130022120400000001
0200002423722212122211300000002611300000000261130022120400000001
0200002423732212122211300000002717100000000271710022120400000001
0200002423742212122211300000002822800000000282280022120400000001
0200002423752212122211300000002611300000000261130022120400000001
0200002423762212122211300000002611300000000261130022120400000001
0200002423772212122211300000008173500000000817350022120400000001
0200002423782212122211300000002704900000000270490022120400000001
0200002423792212122211300000001854900000000185490022120400000001
0200002423802212122211300000002611300000000261130022120400000001
0200002423812212122211300000002611300000000261130022120400000001
0200002423822212122211300000002611300000000261130022120400000001
0200002423832212122211300000002611300000000261130022120400000001
0200002423842212122211300000002599200000000259920022120400000001
0200002423852212122211300000002611300000000261130022120400000001
0200002423862212122211300000001854900000000185490022120400000001
0200002423872212122211300000002717100000000271710022120400000001
0200002423882212122211300000002946600000000294660022120400000001
0200002423892212122211300000003173500000000317350022120400000001
0200002423902212122211300000002611300000000261130022120400000001
0200002423912212122211300000002611300000000261130022120400000001
0200002423922212122211300000002611300000000261130022120400000001
0200002423932212122211300000002611300000000261130022120400000001
0200002423942212122211300000002611300000000261130022120400000001
0200002423952212122211300000002611300000000261130022120400000001
0200002423962212122211300000004475300000000447530022120400000001
0200002423972212122211300000002711300000000271130022120400000001
0200002423982212122211300000001635100000000163510022120400000001
0200002423992212122211300000002611300000000261130022120400000001
0200002424002212122211300000002726100000000272610022120400000001
0200002424012212122211300000002611300000000261130022120400000001
0200002424022212122211300000002615900000000261590022120400000001
0200002424032212122211300000001952100000000195210022120400000001
0200002424032212122211300000002611300000000261130022120400000001
0200002424052212122211300000005633700000000563370022120400000001
0200002424062212122211300000002611300000000261130022120400000001
0200002424072212122211300000002611300000000261130022120400000001
0200002424082212122211300000002611300000000261130022120400000001
0200002424092212122211300000001904400000000190440022120400000001
0200002424102212122211300000001635100000000163510022120400000001
0200002424112212122211300000001854600000000185460022120400000001
0200002424122212122211300000001635100000000163510022120400000001
0200002424132212122211300000001854900000000185490022120400000001
0200002424142212122211300000002098700000000209870022120400000001
0200002424152212122211300000001854900000000185490022120400000001
0200002424162212122211300000001854900000000185490022120400000001
0200002424172212122211300000002696300000000269630022120400000001
0200002424182212122211300000002599200000000259920022120400000001
0200002424192212122211300000002611300000000261130022120400000001
0200002424192212122211300000001902000000000190200022120400000001
0200002424212212122211300000004814800000000481480022120400000001
0900000000500000184762000000000000000                    0000006
