01822000268920221205001                 20221205   0A00
0577099980136120001
060000000000000000000000000000000000000000004319640000000166200001010000000000000000001160608                                                      50001000
060000000000000000000000000000000000000000004320480000000162430001010000000000000000001160608                                                      50001000
060000000000000000000000000000000000000000004320480000000162430001010000000000000000001160709                                                      50001000
060000000000000000000000000000000000000000004320590000000265680001010000000000000000001160608                                                      50001000
060000000000000000000000000000000000000000004320620000000648840001010000000000000000001160608                                                      50001000
060000000000000000000000000000000000000000004320680000000188670001010000000000000000001160608                                                      50001000
060000000000000000000000000000000000000000004321120000000166200001010000000000000000001160608                                                      50001000
060000000000000000000000000000000000000000004321220000000162430001010000000000000000001160608                                                      50001000
060000000000000000000000000000000000000000004321220000000159740001010000000000000000001160608                                                      50001000
060000000000000000000000000000000000000000004322690000000444320001010000000000000000001160608                                                      50001000
060000000000000000000000000000000000000000002426340000000421300001010000000000000000001160608                                                      50001000
060000000000000000000000000000000000000000002426350000000190930001010000000000000000001160608                                                      50001000
060000000000000000000000000000000000000000002426360000000181210001010000000000000000001160608                                                      50001000
060000000000000000000000000000000000000000002426370000000200000001010000000000000000001160608                                                      50001000
060000000000000000000000000000000000000000002426380000000261130001010000000000000000001160608                                                      50001000
060000000000000000000000000000000000000000002426390000000305530001010000000000000000001160608                                                      50001000
060000000000000000000000000000000000000000002426400000000261130001010000000000000000001160608                                                      50001000
060000000000000000000000000000000000000000002426400000000261130001010000000000000000001160710                                                      50001000
060000000000000000000000000000000000000000002426420000000271760001010000000000000000001160608                                                      50001000
060000000000000000000000000000000000000000002426430000000261130001010000000000000000001160608                                                      50001000
080000000200000000000280000001