01812212110009                                           0000000
0200002423132212122211300000001854900000000185490022120400000001
0200002423142212122211300000001854900000000185490022120400000002
0200002423152212122211300000002611300000000261130022120400000003
0200002423162212122211300000001854900000000185490022120400000004
0200002423172212122211300000001854900000000185490022120400000005
0200002423182212122211300000002717100000000271710022120400000006
0200002423192212122211300000002611300000000261130022120400000007
0200002423202212122211300000002611300000000261130022120400000008
0200002423212212122211300000002611300000000261130022120400000009
0200002423212212122211300000002611300000000261130022120400000010
0900000025900004937868000000000000000                    0000002
