80002127290000822000268900000000
0200002356520000000000000000008208600000000265660021060800000001
0200002342320000000000000000001894500000000265660021060800000002
0200002345450000000000000000000216800000000265660021060800000003
0200002341500000000000000000000521800000000275020021060800000004
0200002356410000000000000000000369300000000165980021060800000005
0200002346800000000000000000000222400000000168250021060800000006
0200003352160000000000000000000674400000000265660021060800000007
0200002341290000000000000000000216800000000275020021060800000008
0200002338860000000000000000000000000000000275020021060800000009
0200005123250000000000000000000487000000000188580021060800000010
0200002353790000000000000000000216800000000275020021060800000011
0900000001100000000000188992000002685530000