0182200026892023010900100000000636332843202301090720A02                                                                                                           
0577099980136120001                                                                                                                                               
0600000000000000000000000000000000000000000043184500000001000000010100000000000099905420000001
0600000000000000000000000000000000000000000043184600000001662000010100000000000099905420000002
0600000000000000000000000000000000000000000043184600000001662000010100000000000099905420000003
0600000000000000000000000000000000000000000043191700000001841900010100000000000099905420000004
0600000000000000000000000000000000000000000043193200000001662000010100000000000099905420000005
0600000000000000000000000000000000000000000024262900000005857300010100000000000099905420000006
0600000000000000000000000000000000000000000024263000000001902100010100000000000099905420000007
0600000000000000000000000000000000000000000024263100000002611300010100000000000099905420000008
0600000000000000000000000000000000000000000024263200000001854900010100000000000099905420000009
0600000000000000000000000000000000000000000024623300000001947800010100000000000099905420000010
0000000000132389000001                                                                                                                                 
09000000001000000000013238900                                                                                                                                     
