01822000268920221205001                 20221205   0A00
0577099980136120001
060000000000000000000000000000000000000000004559810000000166200001010000000000000000001160708                                                      50001000
060000000000000000000000000000000000000000004559810000000166200001010000000000000000001160609                                                      50001000
060000000000000000000000000000000000000000004559830000000166200001010000000000000000001160608                                                      50001000
060000000000000000000000000000000000000000004559840000000166200001010000000000000000001160608                                                      50001000
060000000000000000000000000000000000000000004559850000000166200001010000000000000000001160608                                                      50001000
060000000000000000000000000000000000000000004559860000000162430001010000000000000000001160608                                                      50001000
060000000000000000000000000000000000000000004559870000000162430001010000000000000000001160608                                                      50001000
060000000000000000000000000000000000000000004559880000000162430001010000000000000000001160608                                                      50001000
060000000000000000000000000000000000000000004559890000000162430001010000000000000000001160608                                                      50001000
060000000000000000000000000000000000000000004559910000000166200001010000000000000000001160608                                                      50001000
060000000000000000000000000000000000000000004559920000000166200001010000000000000000001160608                                                      50001000
060000000000000000000000000000000000000000004559930000000166200001010000000000000000001160608                                                      50001000
060000000000000000000000000000000000000000004559940000000166200001010000000000000000001160608                                                      50001000
060000000000000000000000000000000000000000004559950000000648840001010000000000000000001160608                                                      50001000
060000000000000000000000000000000000000000004559970000000166200001010000000000000000001160608                                                      50001000
060000000000000000000000000000000000000000004559970000000166200001010000000000000000001160808                                                      50001000
060000000000000000000000000000000000000000004559990000000166200001010000000000000000001160608                                                      50001000
060000000000000000000000000000000000000000004560000000000166200001010000000000000000001160608                                                      50001000
060000000000000000000000000000000000000000004560010000000162430001010000000000000000001160608                                                      50001000
060000000000000000000000000000000000000000004560020000000162430001010000000000000000001160608                                                      50001000
060000000000000000000000000000000000000000004560030000000162430001010000000000000000001160608                                                      50001000
060000000000000000000000000000000000000000004560040000000162430001010000000000000000001160608                                                      50001000
060000000000000000000000000000000000000000004560050000000464470001010000000000000000001160608                                                      50001000
060000000000000000000000000000000000000000004560060000000166200001010000000000000000001160608                                                      50001000
060000000000000000000000000000000000000000004560070000000103830001010000000000000000001160608                                                      50001000
060000000000000000000000000000000000000000004560080000000166200001010000000000000000001160608                                                      50001000
060000000000000000000000000000000000000000004560090000000200000001010000000000000000001160608                                                      50001000
060000000000000000000000000000000000000000004560100000000166200001010000000000000000001160608                                                      50001000
060000000000000000000000000000000000000000004560120000000166200001010000000000000000001160608                                                      50001000
060000000000000000000000000000000000000000004560130000000166200001010000000000000000001160608                                                      50001000
060000000000000000000000000000000000000000004560140000000150000001010000000000000000001160608                                                      50001000
060000000000000000000000000000000000000000004560150000000166200001010000000000000000001160608                                                      50001000
060000000000000000000000000000000000000000004560160000000166200001010000000000000000001160608                                                      50001000
060000000000000000000000000000000000000000004560170000000166200001010000000000000000001160608                                                      50001000
060000000000000000000000000000000000000000004560180000000166200001010000000000000000001160608                                                      50001000
060000000000000000000000000000000000000000004560190000000162430001010000000000000000001160608                                                      50001000
060000000000000000000000000000000000000000002429900000000224240001010000000000000000001160608                                                      50001000
060000000000000000000000000000000000000000002429900000000224240001010000000000000000001160308                                                      50001000
060000000000000000000000000000000000000000002429920000000224240001010000000000000000001160608                                                      50001000
060000000000000000000000000000000000000000002429930000000243520001010000000000000000001160608                                                      50001000
060000000000000000000000000000000000000000002429940000000224240001010000000000000000001160608                                                      50001000
060000000000000000000000000000000000000000002429950000000224240001010000000000000000001160608                                                      50001000
060000000000000000000000000000000000000000002429960000000466040001010000000000000000001160608                                                      50001000
060000000000000000000000000000000000000000002429970000000233740001010000000000000000001160608                                                      50001000
060000000000000000000000000000000000000000002429980000000224240001010000000000000000001160608                                                      50001000
060000000000000000000000000000000000000000002429990000000124240001010000000000000000001160608                                                      50001000
060000000000000000000000000000000000000000002430000000000100000001010000000000000000001160608                                                      50001000
060000000000000000000000000000000000000000002430010000000224240001010000000000000000001160608                                                      50001000
060000000000000000000000000000000000000000002430020000000224240001010000000000000000001160608                                                      50001000
060000000000000000000000000000000000000000002430030000000224240001010000000000000000001160608                                                      50001000
060000000000000000000000000000000000000000002430040000000224240001010000000000000000001160608                                                      50001000
060000000000000000000000000000000000000000002430050000000104240001010000000000000000001160608                                                      50001000
060000000000000000000000000000000000000000002430060000000150000001010000000000000000001160608                                                      50001000
060000000000000000000000000000000000000000002430070000000100000001010000000000000000001160608                                                      50001000
060000000000000000000000000000000000000000002430080000000080000001010000000000000000001160608                                                      50001000
060000000000000000000000000000000000000000002430090000000120000001010000000000000000001160608                                                      50001000
080000000200000000000280000001