01372301090009                                           0000000
0200004565912212182211210000001662000000000000000022120400000001
0200004565922212182211210000001624300000000000000022120400000002
0200004565942212182211210000001662000000000000000022120400000003
0200004565952212182211210000001662000000000000000022120400000004
0200004565962212182211210000001662000000000000000022120400000005
0200004565972212182211210000001624300000000000000022120400000006
0200004565982212182211210000001662000000000000000022120400000007
0200004566002212182211210000001000000000000000000022120400000008
0200004566002212182211210000001662000000000000000022120400000009
0200004566002212182211210000001662000000000000000022120400000010
0900000000400000068655000000000000000                    0000002
