80002127300000822000268900000000
0200002870470000000000000000000000000000000167520022121400000011
0200002870480000000000000000000000000000000161840022121400000011
0200002870490000000000000000000000000000000380360022121400000011
0200002870500000000000000000000000000000000628470022121400000011
0200002870510000000000000000000000000000000184550022121400000011
0200002870520000000000000000000000000000000179370022121400000011
0200002870530000000000000000000000000000000179370022121400000011
0200002870540000000000000000000000000000000179370022121400000011
0200002870550000000000000000000000000000000183650022121400000011
0200002870570000000000000000000000000000000161840022121400000011
0200002870590000000000000000000000000000000161840022121400000011
0200002870600000000000000000000000000000000161840022121400000011
0200002870610000000000000000000000000000000161840022121400000011
0200002870620000000000000000000000000000000184100022121400000011
0200002870650000000000000000000000000000000183650022121400000011
0200002870660000000000000000000000000000000179370022121400000011
0200002870670000000000000000000000000000000179370022121400000011
0200002870680000000000000000000000000000000183650022121400000011
0200002870690000000000000000000000000000000183650022121400000011
0200002870710000000000000000000000000000000179370022121400000011
0200002870730000000000000000000000000000000183650022121400000011
0200002870740000000000000000000000000000000408070022121400000011
0200002870750000000000000000000000000000000188360022121400000011
0200002870760000000000000000000000000000000183650022121400000011
0200002870770000000000000000000000000000000189290022121400000011
0200002870790000000000000000000000000000000184560022121400000011
0200002404250000000000000000000000000000000181210022121400000011
0200002404260000000000000000000000000000000185490022121400000011
0200002404270000000000000000000000000000000181210022121400000011
0200002404280000000000000000000000000000000181210022121400000011
0200002404290000000000000000000000000000000597870022121400000011
0200002404300000000000000000000000000000000181210022121400000011
0200002404310000000000000000000000000000000181210022121400000011
0200002404320000000000000000000000000000000261130022121400000011
0200002404330000000000000000000000000000000261130022121400000011
0200002404340000000000000000000000000000000261130022121400000011
0200002404350000000000000000000000000000000261130022121400000011
0200002404360000000000000000000000000000000261130022121400000011
0200002404370000000000000000000000000000000261130022121400000011
0200002404380000000000000000000000000000000261130022121400000011
0200002404390000000000000000000000000000000315070022121400000011
0200002404400000000000000000000000000000000265580022121400000011
0200002404410000000000000000000000000000000254950022121400000011
0200002404420000000000000000000000000000000254950022121400000011
0200002404430000000000000000000000000000000254950022121400000011
0200002404440000000000000000000000000000000254950022121400000011
0200002404450000000000000000000000000000000261130022121400000011
0200002404460000000000000000000000000000000261130022121400000011
0200002404470000000000000000000000000000000261130022121400000011
0200002404480000000000000000000000000000000261130022121400000011
0200002404490000000000000000000000000000000261130022121400000011
0200002404500000000000000000000000000000000261130022121400000011
0200002404510000000000000000000000000000000261130022121400000011
0200002404520000000000000000000000000000000283270022121400000011
0200002404530000000000000000000000000000000261130022121400000011
0200002404540000000000000000000000000000000261130022121400000011
0200002404550000000000000000000000000000000261130022121400000011
0200002404560000000000000000000000000000000638270022121400000011
0200002404570000000000000000000000000000000261130022121400000011
0200002404580000000000000000000000000000000261130022121400000011
0200002404590000000000000000000000000000000298020022121400000011
0200002404600000000000000000000000000000000254950022121400000011
0200002404610000000000000000000000000000000254950022121400000011
0200002404620000000000000000000000000000000254950022121400000011
0200002404630000000000000000000000000000000265530022121400000011
0200002404640000000000000000000000000000000254950022121400000011
0200002404650000000000000000000000000000000261130022121400000011
0200002404660000000000000000000000000000000209300022121400000011
0200002404670000000000000000000000000000000262400022121400000011
0200002404680000000000000000000000000000000261130022121400000011
0200002404690000000000000000000000000000000261130022121400000011
0200002404700000000000000000000000000000000261130022121400000011
0200002404710000000000000000000000000000000271700022121400000011
0200002404720000000000000000000000000000000271710022121400000011
0200002404740000000000000000000000000000000271700022121400000011
0200002404750000000000000000000000000000000287930022121400000011
0200002404770000000000000000000000000000000261130022121400000011
0200002404780000000000000000000000000000000292850022121400000011
0200002404790000000000000000000000000000000254950022121400000011
0200002404800000000000000000000000000000000265530022121400000011
0200002404810000000000000000000000000000000254950022121400000011
0200002404820000000000000000000000000000000254950022121400000011
0200002404830000000000000000000000000000000261130022121400000011
0200002404840000000000000000000000000000000254950022121400000011
0200002404850000000000000000000000000000000254950022121400000011
0200002404860000000000000000000000000000000265520022121400000011
0200002404870000000000000000000000000000000276850022121400000011
0200002404880000000000000000000000000000000310870022121400000011
0200002404890000000000000000000000000000000254950022121400000011
0200002404900000000000000000000000000000000267420022121400000011
0200002404910000000000000000000000000000000261130022121400000011
0200002404920000000000000000000000000000000261130022121400000011
0200002404930000000000000000000000000000000181210022121400000011
0200002404940000000000000000000000000000000181210022121400000011
0200002404950000000000000000000000000000000200610022121400000011
0200002404960000000000000000000000000000000265030022121400000011
0200002404970000000000000000000000000000000527590022121400000011
0200002404980000000000000000000000000000000254950022121400000011
0200002404990000000000000000000000000000000254950022121400000011
0200002405000000000000000000000000000000000254950022121400000011
0200002405010000000000000000000000000000000261130022121400000011
0200002405020000000000000000000000000000000491180022121400000011
0200002405030000000000000000000000000000000254950022121400000011
0200002405040000000000000000000000000000000266160022121400000011
0200002405050000000000000000000000000000000265520022121400000011
0200002405060000000000000000000000000000000265580022121400000011
0200002405070000000000000000000000000000000254950022121400000011
0200002405080000000000000000000000000000000265520022121400000011
0200002405090000000000000000000000000000000299690022121400000011
0200002405100000000000000000000000000000000310070022121400000011
0200002405110000000000000000000000000000000254950022121400000011
0200002405120000000000000000000000000000000254950022121400000011
0200002405130000000000000000000000000000000254950022121400000011
0200002405150000000000000000000000000000000275540022121400000011
0200002405160000000000000000000000000000000254950022121400000011
0200002405170000000000000000000000000000000276140022121400000011
0200002405180000000000000000000000000000000254950022121400000011
0200002405190000000000000000000000000000000254950022121400000011
0200002405210000000000000000000000000000000254950022121400000011
0200002405220000000000000000000000000000000254950022121400000011
0200002405230000000000000000000000000000000254950022121400000011
0200002405240000000000000000000000000000000308590022121400000011
0200002405250000000000000000000000000000000254950022121400000011
0200002405260000000000000000000000000000000254950022121400000011
0200002405270000000000000000000000000000000265530022121400000011
0200002405280000000000000000000000000000000277310022121400000011
0200002405290000000000000000000000000000000254950022121400000011
0200002405300000000000000000000000000000000254950022121400000011
0200002405310000000000000000000000000000000254950022121400000011
0200002405320000000000000000000000000000000254950022121400000011
0200002405330000000000000000000000000000000254950022121400000011
0200002405340000000000000000000000000000000254950022121400000011
0200002405350000000000000000000000000000000509810022121400000011
0200002405360000000000000000000000000000000254950022121400000011
0200002405370000000000000000000000000000001617620022121400000011
0200002405380000000000000000000000000000000261130022121400000011
0200002405390000000000000000000000000000000547970022121400000011
0200002405400000000000000000000000000000000254950022121400000011
0200002405410000000000000000000000000000000265520022121400000011
0200002405420000000000000000000000000000000254950022121400000011
0200002405430000000000000000000000000000000254950022121400000011
0200002405440000000000000000000000000000000288520022121400000011
0200002405450000000000000000000000000000000254950022121400000011
0200002405460000000000000000000000000000000254950022121400000011
0200002405470000000000000000000000000000000265520022121400000011
0200002405480000000000000000000000000000000254950022121400000011
0200002405490000000000000000000000000000000265580022121400000011
0200002405500000000000000000000000000000000269350022121400000011
0200002405510000000000000000000000000000000261130022121400000011
0200002405520000000000000000000000000000000254950022121400000011
0200002405530000000000000000000000000000000254950022121400000011
0200002405540000000000000000000000000000000254950022121400000011
0200002405550000000000000000000000000000000254950022121400000011
0200002405560000000000000000000000000000000254950022121400000011
0200002405570000000000000000000000000000000254950022121400000011
0200002405580000000000000000000000000000000254950022121400000011
0200002405590000000000000000000000000000000261130022121400000011
0200002405600000000000000000000000000000000261130022121400000011
0200002405610000000000000000000000000000000261130022121400000011
0200002405620000000000000000000000000000000261130022121400000011
0200002405630000000000000000000000000000000261130022121400000011
0200002405640000000000000000000000000000000261130022121400000011
0200002405650000000000000000000000000000000261130022121400000011
0200002405660000000000000000000000000000000261130022121400000011
0200002405670000000000000000000000000000000261130022121400000011
0200002405680000000000000000000000000000000261130022121400000011
0200002405690000000000000000000000000000000261130022121400000011
0200002405700000000000000000000000000000000261130022121400000011
0200002405710000000000000000000000000000000292900022121400000011
0200002405720000000000000000000000000000000261130022121400000011
0200002405740000000000000000000000000000000261130022121400000011
0200002405750000000000000000000000000000000261130022121400000011
0200002405760000000000000000000000000000000261130022121400000011
0200002405770000000000000000000000000000000271710022121400000011
0200002405780000000000000000000000000000000261130022121400000011
0200002405790000000000000000000000000000000261130022121400000011
0200002405800000000000000000000000000000000295000022121400000011
0200002405810000000000000000000000000000000261130022121400000011
0200002405820000000000000000000000000000000261130022121400000011
0200002405830000000000000000000000000000000154000022121400000011
0200002405840000000000000000000000000000000261130022121400000011
0200002405850000000000000000000000000000000271710022121400000011
0200002405860000000000000000000000000000000261130022121400000011
0200002405870000000000000000000000000000000261130022121400000011
0200002405880000000000000000000000000000000261130022121400000011
0200002405890000000000000000000000000000000261130022121400000011
0200002405900000000000000000000000000000000271710022121400000011
0200002405910000000000000000000000000000000190210022121400000011
0200002405920000000000000000000000000000000261130022121400000011
0200002405930000000000000000000000000000000261130022121400000011
0200002405940000000000000000000000000000000185490022121400000011
0200002405950000000000000000000000000000000261130022121400000011
0200002405960000000000000000000000000000000185490022121400000011
0200002405970000000000000000000000000000000299400022121400000011
0200002405980000000000000000000000000000000286510022121400000011
0200002405990000000000000000000000000000000254950022121400000011
0200002406000000000000000000000000000000000297750022121400000011
0200002406010000000000000000000000000000000254950022121400000011
0200002406020000000000000000000000000000000254950022121400000011
0200002406030000000000000000000000000000000254950022121400000011
0900000000200000000000004600000000261130000
