01812212010009                                           0000000
0200002424222212122211300000005000000000000500000022120400000001
0200002424232212122211300000001854900000000185490022120400000001
0200002424242212122211300000002717100000000271710022120400000001
0200002424242212122211300000001900600000000190060022120400000001
0200002424262212122211300000002832700000000283270022120400000001
0200002424272212122211300000001854900000000185490022120400000001
0200002424282212122211300000002611300000000261130022120400000001
0200002424292212122211300000002928900000000292890022120400000001
0200002424302212122211300000002611300000000261130022120400000001
0200002424312212122211300000002717000000000271700022120400000001
0200002424322212122211300000001549000000000154900022120400000001
0200002424332212122211300000001854900000000185490022120400000001
0200002424342212122211300000001902100000000190210022120400000001
0200002424352212122211300000002611300000000261130022120400000001
0200002424362212122211300000002611300000000261130022120400000001
0200002424372212122211300000002611300000000261130022120400000001
0200002424382212122211300000006561200000000656120022120400000001
0200002424392212122211300000002832700000000283270022120400000001
0200002424422212122211300000001854900000000185490022120400000001
0200002424432212122211300000001902100000000190210022120400000001
0200002424442212122211300000002611300000000261130022120400000001
0200002424442212122211300000002611300000000261130022120400000001
0200002424462212122211300000002611300000000261130022120400000001
0200002424472212122211300000001902100000000190210022120400000001
0200002424482212122211300000001901900000000190190022120400000001
0200002424492212122211300000009523500000000952350022120400000001
0200002424502212122211300000001854900000000185490022120400000001
0200002424512212122211300000001846300000000184630022120400000001
0200002424522212122211300000002610900000000261090022120400000001
0200002424532212122211300000002717000000000271700022120400000001
0200002424542212122211300000002827100000000282710022120400000001
0200002424552212122211300000002611300000000261130022120400000001
0200002424562212122211300000001854900000000185490022120400000001
0200002424572212122211300000001951600000000195160022120400000001
0200002424582212122211300000001854900000000185490022120400000001
0200002424592212122211300000001854900000000185490022120400000001
0200002424602212122211300000001854900000000185490022120400000001
0200002424612212122211300000002611300000000261130022120400000001
0200002424622212122211300000002611300000000261130022120400000001
0200002424632212122211300000002611300000000261130022120400000001
0200002424652212122211300000001854900000000185490022120400000001
0200002424662212122211300000001854900000000185490022120400000001
0200002424672212122211300000003150700000000315070022120400000001
0200002424682212122211300000002611300000000261130022120400000001
0200002424692212122211300000002611300000000261130022120400000001
0200002424702212122211300000001846300000000184630022120400000001
0200002424712212122211300000002611300000000261130022120400000001
0200002424722212122211300000002599200000000259920022120400000001
0200002424732212122211300000002611300000000261130022120400000001
0200002424742212122211300000002611300000000261130022120400000001
0200002424752212122211300000002599200000000259920022120400000001
0200002424762212122211300000002611300000000261130022120400000001
0200002424772212122211300000002611300000000261130022120400000001
0200002424782212122211300000001854900000000185490022120400000001
0200002424792212122211300000002611300000000261130022120400000001
0200002424802212122211300000001854900000000185490022120400000001
0200002424812212122211300000003044900000000304490022120400000001
0200002424822212122211300000006079000000000607900022120400000001
0200002424832212122211300000002599200000000259920022120400000001
0200002424842212122211300000002045900000000204590022120400000001
0200002424852212122211300000002611300000000261130022120400000001
0200002424862212122211300000003150700000000315070022120400000001
0200002424872212122211300000001854900000000185490022120400000001
0200002424882212122211300000001854900000000185490022120400000001
0200002424892212122211300000001854900000000185490022120400000001
0200002424902212122211300000002611300000000261130022120400000001
0200002424922212122211300000001902100000000190210022120400000001
0200002424932212122211300000001854900000000185490022120400000001
0200002424942212122211300000002611300000000261130022120400000001
0200002424952212122211300000002611300000000261130022120400000001
0200002424962212122211300000005000000000000500000022120400000001
0200002424972212122211300000002599200000000259920022120400000001
0200002424982212122211300000001854900000000185490022120400000001
0200002424992212122211300000001854900000000185490022120400000001
0200002425002212122211300000001854900000000185490022120400000001
0200002425022212122211300000001854900000000185490022120400000001
0200002425032212122211300000002611300000000261130022120400000001
0200002425042212122211300000001627100000000162710022120400000001
0200002425052212122211300000001854900000000185490022120400000001
0200002425062212122211300000002611300000000261130022120400000001
0200002425072212122211300000002611300000000261130022120400000001
0200002425082212122211300000002611300000000261130022120400000001
0200002425092212122211300000006325800000000632580022120400000001
0200002425092212122211300000002938600000000293860022120400000001
0200002425112212122211300000002611300000000261130022120400000001
0200002425122212122211300000002611300000000261130022120400000001
0200002425132212122211300000002611300000000261130022120400000001
0200002425142212122211300000002611300000000261130022120400000001
0200002425152212122211300000002611300000000261130022120400000001
0200002425162212122211300000002723000000000272300022120400000001
0200002425172212122211300000002611300000000261130022120400000001
0200002425182212122211300000002611300000000261130022120400000001
0200002425192212122211300000002611300000000261130022120400000001
0200002425202212122211300000002611300000000261130022120400000001
0200002425212212122211300000002705600000000270560022120400000001
0200002425222212122211300000002799900000000279990022120400000001
0200002425232212122211300000002611300000000261130022120400000001
0200002425232212122211300000002611300000000261130022120400000001
0200002425262212122211300000002692800000000269280022120400000001
0200002425272212122211300000002549500000000254950022120400000001
0900000000500000184762000000000000000                    0000006
