01992212190051                                           0000001
0200004564140000000000000000001662000000000000000022121100000002
0200004564140000000000000000001624300000000000000022121100000002
0200004564160000000000000000001624300000000000000022121100000002
0200004564170000000000000000001662000000000000000022121100000002
0200004564180000000000000000001624300000000000000022121100000002
0200004564190000000000000000001624300000000000000022121100000002
0200004564190000000000000000001624300000000000000022121100000002
0200004564210000000000000000001624300000000000000022121100000002
0200004564230000000000000000001624300000000000000022121100000002
0200004564240000000000000000001624300000000000000022121100000002
0200004564250000000000000000001624300000000000000022121100000002
0200004564260000000000000000001662000000000000000022121100000002
0200004564280000000000000000001624300000000000000022121100000002
0200004564280000000000000000001624300000000000000022121100000002
0200004564290000000000000000001662000000000000000022121100000002
0200004564300000000000000000001624300000000000000022121100000002
0200004564310000000000000000001624300000000000000022121100000002
0200004564320000000000000000001662000000000000000022121100000002
0200004564330000000000000000001662000000000000000022121100000002
0200004564340000000000000000001662000000000000000022121100000002
0200004564350000000000000000001662000000000000000022121100000002
0200004564360000000000000000001624300000000000000022121100000002
0200004564370000000000000000001662000000000000000022121100000002
0200004564380000000000000000001624300000000000000022121100000002
0200004564390000000000000000001662000000000000000022121100000002
0200004564400000000000000000001662000000000000000022121100000002
0200004564410000000000000000001662000000000000000022121100000002
0200004564420000000000000000001662000000000000000022121100000002
0200004564430000000000000000001662000000000000000022121100000002
0200004564410000000000000000001662000000000000000022121100000002
0200004564460000000000000000001662000000000000000022121100000002
0200004564470000000000000000001624300000000000000022121100000002
0200004564480000000000000000001624300000000000000022121100000002
0200004564490000000000000000001624300000000000000022121100000002
0200004564500000000000000000001624300000000000000022121100000002
0200004564510000000000000000001624300000000000000022121100000002
0200004564520000000000000000001624300000000000000022121100000002
0200004564530000000000000000001624300000000000000022121100000002
0200004564540000000000000000001624300000000000000022121100000002
0200004564550000000000000000001624300000000000000022121100000002
0200004564570000000000000000001624300000000000000022121100000002
0200004564580000000000000000001624300000000000000022121100000002
0200004564590000000000000000001624300000000000000022121100000002
0200004564600000000000000000001038300000000000000022121100000002
0200004564610000000000000000001624300000000000000022121100000002
0200004564620000000000000000001624300000000000000022121100000002
0200004564630000000000000000001624300000000000000022121100000002
0200004564650000000000000000001662000000000000000022121100000002
0200004564670000000000000000001662000000000000000022121100000002
0200004564720000000000000000006488400000000000000022121100000002
0200004564730000000000000000001624300000000000000022121100000002
0200004564750000000000000000006488400000000000000022121100000002
0200004564790000000000000000001624300000000000000022121100000002
0200004564820000000000000000001624300000000000000022121100000002
0200004564880000000000000000001624300000000000000022121100000002
0200004564910000000000000000001624300000000000000022121100000002
0200004564950000000000000000001624300000000000000022121100000002
0200004565000000000000000000001624300000000000000022121100000002
0200004565090000000000000000001662000000000000000022121100000002
0200004565140000000000000000001662000000000000000022121100000002
0200004565250000000000000000001624300000000000000022121100000002
0200004565260000000000000000001624300000000000000022121100000002
0200004565280000000000000000001624300000000000000022121100000002
0200004565290000000000000000001662000000000000000022121100000002
0200004565300000000000000000001624300000000000000022121100000002
0200004565310000000000000000001624300000000000000022121100000002
0200004565330000000000000000001662000000000000000022121100000002
0200004565330000000000000000001624300000000000000022121100000002
0200004565340000000000000000001624300000000000000022121100000002
0200004565350000000000000000001624300000000000000022121100000002
0200004565360000000000000000001624300000000000000022121100000002
0200004565370000000000000000001624300000000000000022121100000002
0200004565380000000000000000001624300000000000000022121100000002
0200004565390000000000000000001624300000000000000022121100000002
0200004565410000000000000000001624300000000000000022121100000002
0200004565440000000000000000001624300000000000000022121100000002
0200004565450000000000000000001624300000000000000022121100000002
0200004565460000000000000000001624300000000000000022121100000002
0200004565470000000000000000001624300000000000000022121100000002
0200004565480000000000000000001624300000000000000022121100000002
0200004565490000000000000000001662000000000000000022121100000002
0200004565500000000000000000001662000000000000000022121100000002
0200004565510000000000000000001662000000000000000022121100000002
0200004565520000000000000000001662000000000000000022121100000002
0200004565540000000000000000001662000000000000000022121100000002
0200004565550000000000000000001662000000000000000022121100000002
0200004565560000000000000000001662000000000000000022121100000002
0200004565560000000000000000001624300000000000000022121100000002
0200004565580000000000000000001624300000000000000022121100000002
0200004565590000000000000000001624300000000000000022121100000002
0200004565600000000000000000001624300000000000000022121100000002
0200004565620000000000000000001662000000000000000022121100000002
0200004565630000000000000000001662000000000000000022121100000002
0200004565640000000000000000001624300000000000000022121100000002
0200004565660000000000000000001662000000000000000022121100000002
0200004565670000000000000000001624300000000000000022121100000002
0200004565680000000000000000001662000000000000000022121100000002
0200004565680000000000000000001662000000000000000022121100000002
0200004565700000000000000000001662000000000000000022121100000002
0200004565710000000000000000001662000000000000000022121100000002
0900000000700001450041000000000000000                    0000003