01822000268920221205001                 20221205   0A00
0577099980136120001
060000000000000000000000000000000000000000002407070000000265530001010000000000000000001160708                                                      50001000
060000000000000000000000000000000000000000002407070000000254950001010000000000000000001160608                                                      50001000
060000000000000000000000000000000000000000002407090000000265530001010000000000000000001160608                                                      50001000
060000000000000000000000000000000000000000002407100000000254950001010000000000000000001160608                                                      50001000
060000000000000000000000000000000000000000002407110000000254950001010000000000000000001160608                                                      50001000
060000000000000000000000000000000000000000002407120000000254950001010000000000000000001160308                                                      50001000
060000000000000000000000000000000000000000002407120000000254950001010000000000000000001160608                                                      50001000
060000000000000000000000000000000000000000002407140000000254950001010000000000000000001160608                                                      50001000
060000000000000000000000000000000000000000002407150000000254950001010000000000000000001160608                                                      50001000
060000000000000000000000000000000000000000002407160000000254950001010000000000000000001160608                                                      50001000
060000000000000000000000000000000000000000002407170000000254950001010000000000000000001160608                                                      50001000
060000000000000000000000000000000000000000002407190000000254950001010000000000000000001160608                                                      50001000
060000000000000000000000000000000000000000002407200000000254950001010000000000000000001160608                                                      50001000
060000000000000000000000000000000000000000002407210000000254950001010000000000000000001160608                                                      50001000
060000000000000000000000000000000000000000002407220000000254950001010000000000000000001160608                                                      50001000
060000000000000000000000000000000000000000002407230000000100000001010000000000000000001160608                                                      50001000
060000000000000000000000000000000000000000002407240000000090000001010000000000000000001160608                                                      50001000
060000000000000000000000000000000000000000002407250000000120000001010000000000000000001160608                                                      50001000
060000000000000000000000000000000000000000002407260000000110000001010000000000000000001160608                                                      50001000
060000000000000000000000000000000000000000002407270000000130000001010000000000000000001160608                                                      50001000
060000000000000000000000000000000000000000002407280000000254950001010000000000000000001160608                                                      50001000
060000000000000000000000000000000000000000002407290000000254950001010000000000000000001160608                                                      50001000
060000000000000000000000000000000000000000002407300000000254950001010000000000000000001160608                                                      50001000
060000000000000000000000000000000000000000002407310000000265530001010000000000000000001160608                                                      50001000
060000000000000000000000000000000000000000002407320000000299400001010000000000000000001160608                                                      50001000
060000000000000000000000000000000000000000002407330000000254950001010000000000000000001160608                                                      50001000
060000000000000000000000000000000000000000002407340000000254950001010000000000000000001160608                                                      50001000
060000000000000000000000000000000000000000002407350000000254950001010000000000000000001160608                                                      50001000
060000000000000000000000000000000000000000002407360000000266130001010000000000000000001160608                                                      50001000
060000000000000000000000000000000000000000002407370000000254950001010000000000000000001160608                                                      50001000
060000000000000000000000000000000000000000002407380000000288220001010000000000000000001160608                                                      50001000
060000000000000000000000000000000000000000002407390000000265520001010000000000000000001160608                                                      50001000
060000000000000000000000000000000000000000002407400000000254950001010000000000000000001160608                                                      50001000
060000000000000000000000000000000000000000002407410000000286450001010000000000000000001160608                                                      50001000
060000000000000000000000000000000000000000002407420000000299660001010000000000000000001160608                                                      50001000
060000000000000000000000000000000000000000002407430000000286450001010000000000000000001160608                                                      50001000
060000000000000000000000000000000000000000002407440000000254950001010000000000000000001160608                                                      50001000
060000000000000000000000000000000000000000002407450000000266120001010000000000000000001160608                                                      50001000
060000000000000000000000000000000000000000002407460000000508570001010000000000000000001160608                                                      50001000
060000000000000000000000000000000000000000002407470000000254950001010000000000000000001160608                                                      50001000
060000000000000000000000000000000000000000002407480000000265870001010000000000000000001160608                                                      50001000
060000000000000000000000000000000000000000002407490000000254950001010000000000000000001160608                                                      50001000
060000000000000000000000000000000000000000002407500000000254950001010000000000000000001160608                                                      50001000
060000000000000000000000000000000000000000002407510000000254950001010000000000000000001160608                                                      50001000
060000000000000000000000000000000000000000002407520000000254950001010000000000000000001160608                                                      50001000
060000000000000000000000000000000000000000002407530000000254950001010000000000000000001160608                                                      50001000
060000000000000000000000000000000000000000002407540000000254950001010000000000000000001160608                                                      50001000
060000000000000000000000000000000000000000002407550000000153110001010000000000000000001160608                                                      50001000
060000000000000000000000000000000000000000002407560000000254950001010000000000000000001160608                                                      50001000
060000000000000000000000000000000000000000002407570000000254950001010000000000000000001160608                                                      50001000
080000000200000000000280000001