01412212170051                                           0000001
0200002433380000000000000000002549500000000254950022121100000002
0200002433380000000000000000002549500000000254950022121200000002
0200002433400000000000000000002549500000000254950022121100000002
0200002433410000000000000000002549500000000254950022121100000002
0200002433420000000000000000002549500000000254950022121100000002
0200002433430000000000000000002549500000000254950022121100000002
0200002433440000000000000000002717000000000271700022121100000002
0200002433450000000000000000002549500000000254950022121100000002
0200002433460000000000000000002611300000000261130022121100000002
0200002433470000000000000000002549500000000254950022121100000002
0200002433480000000000000000005085700000000508570022121100000002
0200002433490000000000000000002549500000000254950022121000000002
0200002433490000000000000000002549500000000254950022121100000002
0200002433510000000000000000002655200000000265520022121100000002
0200002433520000000000000000002549500000000254950022121100000002
0200002433530000000000000000002549500000000254950022121100000002
0200002433540000000000000000002773100000000277310022121100000002
0200002433550000000000000000002549500000000254950022121100000002
0200002433560000000000000000002979500000000297950022121100000002
0200002433570000000000000000002549500000000254950022121100000002
0200002433580000000000000000002549500000000254950022121100000002
0200002433590000000000000000002549500000000254950022121100000002
0200002433600000000000000000002549500000000254950022121100000002
0200002433610000000000000000002549500000000254950022121100000002
0200002433620000000000000000002549500000000254950022121100000002
0200002433630000000000000000002611300000000261130022121100000002
0200002433640000000000000000002611300000000261130022121100000002
0200002433650000000000000000002611300000000261130022121100000002
0200002433660000000000000000002928500000000292850022121100000002
0200002433670000000000000000002611300000000261130022121100000002
0200002433680000000000000000002611300000000261130022121100000002
0200002433690000000000000000002611300000000261130022121100000002
0200002433700000000000000000002611300000000261130022121100000002
0200002433710000000000000000002611300000000261130022121100000002
0200002433720000000000000000002611300000000261130022121100000002
0200002433730000000000000000002611300000000261130022121100000002
0200002433740000000000000000002611300000000261130022121100000002
0200002433750000000000000000003044800000000304480022121100000002
0200002433760000000000000000002611300000000261130022121100000002
0200002433770000000000000000002611300000000261130022121100000002
0200002433780000000000000000002726100000000272610022121100000002
0200002433790000000000000000002611300000000261130022121100000002
0200002860170000000000000000002585600000000258560022121100000002
0200002860180000000000000000005193000000000519300022121100000002
0200002860190000000000000000002585600000000258560022121100000002
0200002860220000000000000000002782700000000278270022121100000002
0200002860260000000000000000002585600000000258560022121100000002
0200002860270000000000000000002585600000000258560022121100000002
0200002860280000000000000000000375500000000037550022121100000002
0200002860310000000000000000002672700000000267270022121100000002
0200002860320000000000000000002672700000000267270022121100000002
0200002860340000000000000000002585600000000258560022121100000002
0200002860350000000000000000002585600000000258560022121100000002
0200002860360000000000000000002585600000000258560022121100000002
0200002860370000000000000000002585600000000258560022121100000002
0200002860380000000000000000002691400000000269140022121100000002
0200002860390000000000000000003125000000000312500022121100000002
0200002860410000000000000000002691400000000269140022121100000002
0200002860420000000000000000002585600000000258560022121100000002
0200002860450000000000000000002585600000000258560022121100000002
0200002860460000000000000000002585600000000258560022121100000002
0200002860470000000000000000002585600000000258560022121100000002
0200002860480000000000000000002585600000000258560022121100000002
0200002860490000000000000000002691300000000269130022121100000002
0200002860500000000000000000002585600000000258560022121100000002
0200002860520000000000000000002585600000000258560022121100000002
0200002860540000000000000000002585600000000258560022121100000002
0200002860550000000000000000002691900000000269190022121100000002
0200002860560000000000000000002694400000000269440022121100000002
0200002860580000000000000000002598300000000259830022121100000002
0200002860590000000000000000002913000000000291300022121100000002
0200002860600000000000000000002585600000000258560022121100000002
0200002860620000000000000000002585600000000258560022121100000002
0200002860640000000000000000002585600000000258560022121100000002
0200002860650000000000000000002697700000000269770022121100000002
0200002860660000000000000000002672700000000267270022121100000002
0200002860680000000000000000002672700000000267270022121100000002
0200002860690000000000000000002585600000000258560022121100000002
0200002860710000000000000000002585600000000258560022121100000002
0200002860740000000000000000003036000000000303600022121100000002
0200002860750000000000000000004591500000000459150022121100000002
0200002860780000000000000000002902800000000290280022121100000002
0200002860810000000000000000002585600000000258560022121100000002
0200002860820000000000000000002662100000000266210022121100000002
0200002860840000000000000000002672700000000267270022121100000002
0200002860850000000000000000009239400000000923940022121100000002
0200002860870000000000000000002585600000000258560022121100000002
0200002860880000000000000000002585600000000258560022121100000002
0200002860900000000000000000002585600000000258560022121100000002
0200002860910000000000000000002585600000000258560022121100000002
0200002860920000000000000000002598300000000259830022121100000002
0200002860930000000000000000002585600000000258560022121100000002
0200002860950000000000000000002585600000000258560022121100000002
0200002860960000000000000000002585600000000258560022121100000002
0200002860980000000000000000002668900000000266890022121100000002
0200002861010000000000000000002915200000000291520022121100000002
0200002861030000000000000000002697300000000269730022121100000002
0200002861050000000000000000002585600000000258560022121100000002
0200002861060000000000000000002585600000000258560022121100000002
0200002861070000000000000000002585600000000258560022121100000002
0900000057800026616517000001317598700                    0000003