01822000268920221205001                 20221205   0A00
0577099980136120001
060000000000000000000000000000000000000000002407640000000254950001010000000000000000001160608                                                      50001000
060000000000000000000000000000000000000000002407650000000254950001010000000000000000001160608                                                      50001000
060000000000000000000000000000000000000000002407650000000265530001010000000000000000001160608                                                      50001000
060000000000000000000000000000000000000000002407680000000286450001010000000000000000001160608                                                      50001000
060000000000000000000000000000000000000000002407690000000254950001010000000000000000001160608                                                      50001000
060000000000000000000000000000000000000000002407700000000254950001010000000000000000001160608                                                      50001000
060000000000000000000000000000000000000000002407710000000254950001010000000000000000001160608                                                      50001000
060000000000000000000000000000000000000000002407720000000265530001010000000000000000001160608                                                      50001000
060000000000000000000000000000000000000000002407730000000254950001010000000000000000001160608                                                      50001000
060000000000000000000000000000000000000000002407730000000266130001010000000000000000001160608                                                      50001000
060000000000000000000000000000000000000000002407750000000254950001010000000000000000001160608                                                      50001000
060000000000000000000000000000000000000000002407760000000254950001010000000000000000001160608                                                      50001000
060000000000000000000000000000000000000000002407770000000308320001010000000000000000001160608                                                      50001000
060000000000000000000000000000000000000000002407780000000254950001010000000000000000001160608                                                      50001000
060000000000000000000000000000000000000000002407800000000261130001010000000000000000001160608                                                      50001000
060000000000000000000000000000000000000000002407810000000254950001010000000000000000001160608                                                      50001000
060000000000000000000000000000000000000000002407820000000632580001010000000000000000001160608                                                      50001000
060000000000000000000000000000000000000000002407830000000859570001010000000000000000001160608                                                      50001000
060000000000000000000000000000000000000000002407840000000261130001010000000000000000001160608                                                      50001000
060000000000000000000000000000000000000000002407850000000265280001010000000000000000001160608                                                      50001000
060000000000000000000000000000000000000000002407860000000154900001010000000000000000001160608                                                      50001000
060000000000000000000000000000000000000000002407870000000261130001010000000000000000001160608                                                      50001000
060000000000000000000000000000000000000000002407880000004552920001010000000000000000001160608                                                      50001000
060000000000000000000000000000000000000000002407890000000167870001010000000000000000001160608                                                      50001000
060000000000000000000000000000000000000000002407900000000261130001010000000000000000001160608                                                      50001000
060000000000000000000000000000000000000000002407910000000254950001010000000000000000001160608                                                      50001000
060000000000000000000000000000000000000000002407920000000261130001010000000000000000001160608                                                      50001000
060000000000000000000000000000000000000000002407930000000520960001010000000000000000001160608                                                      50001000
060000000000000000000000000000000000000000002407940000000261130001010000000000000000001160608                                                      50001000
060000000000000000000000000000000000000000002407950000000261130001010000000000000000001160608                                                      50001000
060000000000000000000000000000000000000000002407960000000261130001010000000000000000001160608                                                      50001000
060000000000000000000000000000000000000000002407970000000261130001010000000000000000001160608                                                      50001000
060000000000000000000000000000000000000000002407980000000269840001010000000000000000001160608                                                      50001000
060000000000000000000000000000000000000000002407990000000269840001010000000000000000001160608                                                      50001000
060000000000000000000000000000000000000000002408000000000269840001010000000000000000001160608                                                      50001000
060000000000000000000000000000000000000000002408010000000269840001010000000000000000001160608                                                      50001000
060000000000000000000000000000000000000000002408020000000269840001010000000000000000001160608                                                      50001000
060000000000000000000000000000000000000000002408030000000269840001010000000000000000001160708                                                      50001000
060000000000000000000000000000000000000000002408030000000655110001010000000000000000001160608                                                      50001000
060000000000000000000000000000000000000000002408060000000269840001010000000000000000001160608                                                      50001000
060000000000000000000000000000000000000000002408070000000280790001010000000000000000001160608                                                      50001000
060000000000000000000000000000000000000000002408080000000332770001010000000000000000001160608                                                      50001000
060000000000000000000000000000000000000000002408090000000280790001010000000000000000001160608                                                      50001000
060000000000000000000000000000000000000000002408100000000280790001010000000000000000001160608                                                      50001000
060000000000000000000000000000000000000000002408110000000269840001010000000000000000001160608                                                      50001000
060000000000000000000000000000000000000000002408120000000269840001010000000000000000001160608                                                      50001000
060000000000000000000000000000000000000000002408130000000269840001010000000000000000001160608                                                      50001000
060000000000000000000000000000000000000000002408140000000002570001010000000000000000001160608                                                      50001000
060000000000000000000000000000000000000000002408150000000269840001010000000000000000001160608                                                      50001000
060000000000000000000000000000000000000000002408160000000269840001010000000000000000001160608                                                      50001000
060000000000000000000000000000000000000000002408170000000269840001010000000000000000001160608                                                      50001000
060000000000000000000000000000000000000000002408180000000269840001010000000000000000001160608                                                      50001000
060000000000000000000000000000000000000000002408190000000269840001010000000000000000001160608                                                      50001000
060000000000000000000000000000000000000000002408200000000269840001010000000000000000001160608                                                      50001000
060000000000000000000000000000000000000000002408210000000269840001010000000000000000001160608                                                      50001000
060000000000000000000000000000000000000000002408220000000269840001010000000000000000001160608                                                      50001000
060000000000000000000000000000000000000000002408230000000281710001010000000000000000001160608                                                      50001000
060000000000000000000000000000000000000000002408240000000269840001010000000000000000001160608                                                      50001000
060000000000000000000000000000000000000000002408250000000269840001010000000000000000001160608                                                      50001000
060000000000000000000000000000000000000000002408260000000269840001010000000000000000001160608                                                      50001000
060000000000000000000000000000000000000000002408270000000269840001010000000000000000001160608                                                      50001000
060000000000000000000000000000000000000000002408280000000269840001010000000000000000001160608                                                      50001000
060000000000000000000000000000000000000000002408290000000280420001010000000000000000001160608                                                      50001000
060000000000000000000000000000000000000000002408300000000269840001010000000000000000001160608                                                      50001000
060000000000000000000000000000000000000000002408310000000269840001010000000000000000001160608                                                      50001000
060000000000000000000000000000000000000000002408320000000269840001010000000000000000001160608                                                      50001000
060000000000000000000000000000000000000000002408330000000269840001010000000000000000001160608                                                      50001000
060000000000000000000000000000000000000000002408340000000261130001010000000000000000001160608                                                      50001000
060000000000000000000000000000000000000000002408350000000269840001010000000000000000001160608                                                      50001000
060000000000000000000000000000000000000000002408360000000281420001010000000000000000001160608                                                      50001000
060000000000000000000000000000000000000000002408370000001117210001010000000000000000001160608                                                      50001000
060000000000000000000000000000000000000000002408380000000269840001010000000000000000001160608                                                      50001000
060000000000000000000000000000000000000000002408390000000302690001010000000000000000001160608                                                      50001000
060000000000000000000000000000000000000000002408400000000269840001010000000000000000001160608                                                      50001000
060000000000000000000000000000000000000000002408410000000269840001010000000000000000001160608                                                      50001000
060000000000000000000000000000000000000000002408420000000269840001010000000000000000001160608                                                      50001000
060000000000000000000000000000000000000000002408430000000282200001010000000000000000001160608                                                      50001000
060000000000000000000000000000000000000000002408440000000269840001010000000000000000001160608                                                      50001000
060000000000000000000000000000000000000000002408450000000269840001010000000000000000001160608                                                      50001000
060000000000000000000000000000000000000000002408470000000269840001010000000000000000001160608                                                      50001000
060000000000000000000000000000000000000000002408480000000269840001010000000000000000001160608                                                      50001000
060000000000000000000000000000000000000000002408490000000269840001010000000000000000001160608                                                      50001000
060000000000000000000000000000000000000000002408500000000269840001010000000000000000001160608                                                      50001000
060000000000000000000000000000000000000000002408510000000314660001010000000000000000001160608                                                      50001000
060000000000000000000000000000000000000000002408520000000269840001010000000000000000001160608                                                      50001000
060000000000000000000000000000000000000000002408530000000269840001010000000000000000001160608                                                      50001000
060000000000000000000000000000000000000000002408540000000269840001010000000000000000001160608                                                      50001000
060000000000000000000000000000000000000000002408550000000313680001010000000000000000001160608                                                      50001000
060000000000000000000000000000000000000000002408560000000269840001010000000000000000001160608                                                      50001000
060000000000000000000000000000000000000000002408570000000280790001010000000000000000001160608                                                      50001000
060000000000000000000000000000000000000000002408580000000269840001010000000000000000001160608                                                      50001000
060000000000000000000000000000000000000000002408590000000269840001010000000000000000001160608                                                      50001000
060000000000000000000000000000000000000000002408600000000269840001010000000000000000001160608                                                      50001000
060000000000000000000000000000000000000000002408610000000269840001010000000000000000001160608                                                      50001000
060000000000000000000000000000000000000000002408620000000269840001010000000000000000001160608                                                      50001000
060000000000000000000000000000000000000000002408630000000269840001010000000000000000001160608                                                      50001000
060000000000000000000000000000000000000000002408640000000269840001010000000000000000001160608                                                      50001000
060000000000000000000000000000000000000000002408650000000269840001010000000000000000001160608                                                      50001000
060000000000000000000000000000000000000000002408650000000269840001010000000000000000001160608                                                      50001000
060000000000000000000000000000000000000000002408670000000281710001010000000000000000001160608                                                      50001000
080000000200000000000280000001